1
8712
5205
3495
4503
9657
3336
8115
3163
8800
7431
9670
6552
89
1936
1151
183
1629
2115
6168
1886
3451
232
5846
4008
9001
4362
3460
5743
161
1936
5381
7414
6626
8708
1150
1641
505
3942
3855
5966
6109
4325
4355
7745
3081
2350
9365
4888
8252
9731
3927
5379
7914
2794
3374
4417
7533
4715
8534
489
400
9002
634
709
153
9647
9113
1384
4683
6043
6417
1872
539
4900
8692
8580
7617
7210
308
1191
3670
5552
3095
5056
6941
5973
8323
2127
3131
9077
537
7747
9794
6958
7610
2144
7256
6222
619
3607
215
2391
487
4942
8258
7758
5726
6038
6746
2951
7075
3175
1718
2301
335
23
3784
4492
8290
6208
6331
2903
6251
6785
2804
4551
3445
9995
6271
2610
4269
1273
2096
5119
9222
8641
1075
1669
5267
8322
6141
599
9272
9729
421
1598
6256
5784
8261
2401
6202
7968
3686
3800
9367
5461
2677
4123
206
4243
6661
2923
4312
5168
4609
3765
1093
9633
317
7654
7301
7724
9546
1915
2983
6470
8992
4162
1947
5216
5323
7350
3411
1003
7888
9853
142
9338
3138
4011
1110
4748
2265
7663
3433
1137
6138
5784
9230
4084
3204
3570
7895
5981
6711
8036
3241
168
7336
2518
8009
2066
6114
7356
5287
3745
404
454
7555
3293
2573
3439
9250
1921
7053
2678
8034
9823
6479
9567
3271
6454
1726
1181
7607
2138
3832
617
9000
5667
8050
6198
6088
6931
1539
65
9320
4512
6593
9638
3970
5630
722
9908
8809
9897
3375
613
6014
8898
6661
9961
3704
804
4021
5745
2393
2911
6493
5478
606
5313
927
9451
2910
5746
8326
4528
5709
9055
3341
1906
2289
4691
7872
9088
8787
2211
2717
4871
7059
7806
1253
6285
8715
4590
8251
8091
7018
5546
5101
8740
9766
875
9956
1445
6813
770
7592
5461
463
607
9181
559
5614
7967
6539
7214
9217
9973
8949
6063
5417
4996
3186
2845
3532
4960
8981
9201
960
3180
2832
5475
2019
7969
2825
8975
6779
4074
5908
17
993
2436
6928
8529
9403
3709
5663
5977
9888
2537
4077
965
5188
7654
1063
1959
2273
7558
6055
7287
6820
2706
6063
840
1709
2984
2924
1662
3971
3524
8862
7053
4209
2886
8798
1705
6128
5039
7296
9915
1564
680
6498
3974
8104
3950
8972
9464
2291
7821
5969
7375
1234
5131
7315
3728
9452
2502
3845
9666
5762
1272
7124
8896
7116
2933
4040
4768
2437
6564
5790
6309
9708
2273
1751
1062
3814
7762
8805
2743
1018
4776
5755
3382
8274
8437
696
2905
2111
5225
6385
3886
2270
4736
5009
5612
9910
6231
9061
9518
8807
3483
9488
7572
698
456
5766
6231
2664
5923
5069
1237
5311
7340
9353
2697
5362
2945
9833
5654
5262
6399
8048
8666
5391
94
1546
1772
1572
1660
52
5703
1705
3204
4915
6143
552
4308
621
469
983
7950
2202
9466
3300
3119
6489
3262
1675
9174
8317
8920
8169
4736
5045
7000
334
8264
4036
5723
7968
8377
8120
4352
8247
9447
3464
1881
6148
2030
2788
3203
8866
8284
4388
2544
8732
9706
4053
3150
9055
8203
2642
2947
1251
1836
6800
8238
9650
3393
4122
1352
2437
3363
6907
3605
3352
8866
586
1955
8941
6607
3891
6256
457
1024
7869
4198
7818
8482
9975
2649
5417
4534
7640
7428
6057
4117
2948
8292
9769
3842
6350
2354
8895
1471
2723
7041
9407
151
7483
3238
1187
3991
3953
304
6729
7167
5761
7283
8574
912
9601
8838
657
1450
4427
141
7731
7234
2839
2337
34
5675
9235
9001
7426
7978
7173
4507
8419
5644
5292
7201
4664
3772
7152
3825
775
4340
5370
6806
2675
7346
4573
2666
5058
8880
838
8095
9990
3002
7541
20
4228
8644
8827
7409
2377
3632
2278
5454
6677
5449
1780
7302
1893
2349
68
4559
5582
9040
8003
5435
9793
8317
4203
8540
202
3756
4366
1172
2586
8826
4337
3164
4615
4673
4771
1307
2959
2200
8111
4761
1906
4044
529
8881
9854
8608
2441
3465
4319
1365
1286
1523
4448
8339
9352
6395
2376
2880
7606
8268
1285
9615
3734
5972
8467
8847
8874
6301
6334
519
2915
1066
2931
9393
2630
1554
6212
2094
419
1167
3123
2259
3976
9623
5348
2208
8804
6281
8481
8279
6190
5940
333
2218
8959
7734
7102
2899
6172
6645
3222
1042
5735
7600
1832
4554
865
4101
8037
3685
2309
6921
6375
3239
3275
3506
7241
3798
8148
5440
4438
5072
9227
9544
7426
2335
7964
8031
7413
1192
8490
4507
5985
6889
1545
5513
8600
1795
6407
1864
3022
8764
6833
59
4488
8639
4648
1680
5259
7361
1149
7889
6101
1828
2244
6876
1184
3951
7929
4440
5905
9212
509
1737
9231
9396
8874
9705
8300
9202
7998
6634
3206
2896
3878
3952
4191
340
4134
5404
1758
1329
3629
6495
2659
3427
2627
4324
1121
1256
2258
2737
5225
4547
8330
4134
2907
8163
9930
7159
725
9790
3648
9050
1194
1
7745
2462
1309
5011
3161
9208
5674
4606
9843
7561
2550
6424
7556
5498
114
3067
90
9608
3196
379
537
8215
7894
3601
3234
7765
2559
3119
4820
3485
8877
3025
2907
8897
6048
3843
5863
3913
4358
5375
1355
7900
1865
6908
4448
2384
9372
9754
8292
7847
4353
1469
1765
480
4104
1985
8739
7657
2028
9397
3119
5443
8654
7119
2254
7466
778
4787
8889
2141
7929
2388
8418
4421
5258
864
3893
8977
5914
2665
5969
4067
3973
2639
8762
9183
1074
3000
5464
5037
6065
6102
9482
1450
7151
5308
7852
7234
316
7287
3726
6343
6118
8774
3846
6206
9355
7035
5099
7432
2532
6046
1458
8901
4608
9767
8950
8596
1063
9788
1614
8511
9966
7083
5870
1447
1446
6666
4190
8579
4708
9520
1503
9308
7612
8330
9394
9088
8660
2283
3825
6700
264
1469
1838
9709
5120
3264
1499
5781
4648
1503
7213
7914
9547
4178
9453
3683
7782
6993
3933
2146
4517
8132
315
7183
1901
4325
4636
2737
3966
9450
2827
3673
3367
4752
4924
5782
2216
4067
880
9852
8818
8353
9229
7641
5802
1323
9303
2105
2796
1983
6174
298
8599
472
5031
4993
3623
796
8339
235
3259
7718
4790
6829
6787
5388
3776
6048
4475
2121
2939
3748
7574
9153
9198
2482
2064
1164
5583
6254
7233
2904
7189
1079
4391
9328
9611
4657
9412
6347
2343
157
5132
5474
7776
2370
6126
8462
3697
9279
8888
7369
3456
8496
5017
1373
3357
5943
3661
4168
1235
3656
2172
4768
3684
4663
695
168
1922
5503
7240
450
7935
1152
4687
5666
3155
2868
116
9081
1734
6790
9885
3235
9210
9982
951
3686
5264
1085
74
232
6170
4715
7744
7006
8549
2311
2957
870
1049
7291
8266
2243
4728
9023
1949
3672
6050
8407
5592
9293
8684
7651
876
2614
1547
8216
8977
1018
930
3850
9595
2800
3957
104
4350
6641
9111
7825
1053
3966
7111
5725
1179
1826
2037
6308
2770
7653
8276
225
4957
7514
3593
6387
8275
6354
2439
9103
7085
2094
6444
8890
6489
5468
1014
660
6389
3963
7887
1507
9573
1368
3577
474
9045
4063
2758
4357
2239
1418
3776
6854
6155
453
759
3187
8041
4246
3053
8706
753
9493
8101
7899
646
1101
8298
9775
8472
703
5830
6608
600
1616
2077
5691
8654
4881
9740
7916
588
9789
6565
2768
5146
7531
9233
6606
4706
8507
4813
18
8544
2188
5027
444
9745
3438
5490
8290
4146
705
8090
8288
9000
9604
9720
3023
2365
67
4669
2204
1605
6454
1166
9524
870
7808
4820
8772
2911
9770
2966
2225
198
604
4309
7291
3908
1211
7689
1884
7112
3102
2256
5069
199
8824
8907
7140
2448
6566
9437
2493
3538
4337
5550
9399
2720
9407
4587
3089
1440
5569
2645
2480
7229
4159
8617
6241
2860
4750
4599
972
4950
7987
9118
2789
468
6096
9645
3741
7937
6285
28
6193
2504
8454
6578
1540
516
1438
3855
4445
9748
1324
7434
163
6023
1319
6337
454
5589
5096
2222
3094
5336
4591
5909
1062
9708
8812
4361
81
3967
2384
2885
7424
8398
1274
7938
603
6972
8419
5712
1915
7002
3826
433
3655
3431
2142
4194
9283
2498
5613
7042
7807
4764
1952
2065
2225
6732
4663
5219
7983
3628
8082
3795
4103
3301
586
583
7897
2666
7203
3004
3966
3607
7229
7823
9600
4866
3330
2380
1603
73
6102
2719
4080
9767
2094
7475
2802
7048
3883
3931
9356
2305
7952
9263
7522
2388
9851
5676
5023
3516
6401
2846
6163
5242
1531
4926
4679
4896
5777
2180
1641
8031
9405
9274
185
637
5696
3228
7451
3141
3983
4074
4216
4526
1720
389
4425
7337
1074
22
23
745
8305
3619
1374
9397
3563
4778
9870
346
4617
6103
7306
8985
525
4784
6091
7647
269
4871
5424
7259
6984
5905
1201
3308
566
9242
1593
2234
157
4016
6015
3353
3313
4473
2475
4399
474
9184
7224
5886
1774
501
1020
600
8231
9569
8354
9768
828
8159
9523
6695
9160
3672
586
2001
5919
7743
2922
1987
4763
2073
2342
3090
6852
7330
7554
951
5717
2289
9124
2133
1010
706
3047
252
9171
2878
7514
5896
3067
7306
7550
1568
3266
5430
9807
8636
761
9038
9000
3228
4680
5576
8212
1927
8801
1385
7618
6161
7537
6640
60
6243
5474
8648
7322
2182
4487
2084
7981
8567
9033
5737
6266
5111
3283
5360
1474
2769
3422
1376
9193
7726
4679
8310
8838
2021
5416
107
6797
79
9957
1750
892
5008
7750
2987
9784
7163
8919
4371
434
181
5298
9342
7846
6449
1647
8575
3888
4826
3878
4483
6221
8292
9875
4403
4087
8193
3756
743
5047
4728
6264
5165
5619
450
2410
1738
9203
4648
2423
922
6710
1719
3635
2226
8832
5885
8991
8442
4063
7951
2555
8446
3238
7190
3592
8767
9615
2893
8601
6319
3361
5637
4993
6024
646
7921
1055
7400
515
7437
4280
3610
7198
3971
4191
4962
1590
2683
6377
6391
3239
2350
1620
5083
3414
7043
7720
35
516
3676
1882
141
1467
5877
8417
1128
6553
6694
9872
4581
644
8827
9706
4189
732
1247
1160
5339
8263
5352
34
4234
4901
2139
8790
1822
2014
4240
5579
6003
7460
3168
4601
2801
8038
2589
3533
3503
2360
3062
9677
125
6840
2279
8966
5981
6980
7606
959
1623
7230
4427
8597
8975
5299
4686
3620
8080
980
4849
7280
1565
5339
1537
1257
1670
3394
6023
5544
3461
2300
5931
8468
5740
7505
3569
8981
8065
1341
5571
2897
8299
2057
7754
2836
130
6461
2459
6310
4138
6006
3021
7586
9159
4408
1469
6767
2913
4712
1066
3851
2172
5078
4917
6470
3123
5524
5450
7446
1969
2336
7355
2357
4330
2951
8271
7903
9534
1714
7371
9000
2517
6124
1900
6273
1701
3926
5631
5892
5977
3723
1280
535
7720
5647
942
3687
1591
4094
4807
9434
858
1500
8577
6461
3903
723
4294
8058
3663
3702
7628
9569
1860
5780
7029
992
8026
8302
6650
5163
605
6924
5431
1348
3673
9470
9331
9950
8203
5056
2321
6513
1224
5775
4483
2251
9687
3233
2301
3911
8444
4901
7072
7935
3301
9419
2262
2628
829
5734
9574
7299
6330
8282
6526
9193
146
9290
5404
7463
391
9725
4620
8354
7073
2403
8671
7357
8582
4352
2208
2158
6571
637
7025
4854
9349
8557
8169
3167
7103
9355
6853
8135
4479
4435
3341
116
7364
4398
2575
5857
1084
2218
8943
6844
6620
6318
4307
3176
9970
5415
5163
7815
7317
4608
641
3216
5261
1368
2946
6051
1079
874
5802
6047
2678
2401
4462
1789
1730
2398
2946
9734
6337
5285
295
2697
1471
37
7850
541
6468
9176
3821
8958
8853
6892
9745
1849
2921
4762
5821
9042
9664
6716
8574
3872
1849
9785
4811
4497
4385
3479
404
8719
5456
8640
1106
4564
8320
6057
5266
7898
7182
6261
5129
3954
3058
4477
4184
1812
7216
8965
2966
9585
383
6671
4634
3333
5717
7475
4681
4626
2276
7177
6214
7
3627
9791
3389
648
3133
1744
757
1980
3453
4127
5610
1202
2837
4268
3667
5199
4911
4599
5902
2665
1816
5029
5725
1965
2808
4859
1272
648
1718
1647
7120
3413
7043
7368
3399
2809
7839
6725
7977
980
7117
8515
9150
1368
1933
8610
2119
6432
6032
2262
2407
1173
6540
4229
3339
2536
952
7521
2722
1607
4461
5428
5934
8921
527
6957
8792
3182
9521
2783
3751
222
1251
7406
7272
2121
7242
3304
4516
6067
7735
4606
9926
8765
6564
997
8692
4973
4285
7450
4640
8105
6251
1714
4637
6730
7666
9426
8280
3284
2104
6251
4301
341
3428
7472
1927
5370
3628
8126
6240
7088
690
924
1479
5223
1276
4991
5191
784
2755
5744
9139
5790
7898
5115
9972
9806
3430
1756
3792
5628
543
2897
3962
7951
1464
3040
777
6997
1238
9842
4921
3704
7954
4220
4070
4317
7874
9943
3406
9984
4114
7817
6373
1340
8838
932
1542
8932
9305
374
5131
7833
7516
5327
6406
8822
1680
7536
4972
9099
5313
7727
4782
2656
6346
798
9590
4167
4312
7302
8538
516
8432
1101
8562
954
3199
6921
2401
252
919
6979
7132
9233
2611
2869
8360
3553
9641
7448
9441
4720
8509
1584
3484
7005
332
2337
8233
102
4734
2375
396
179
5091
5253
6536
1331
8366
7561
2155
5322
8164
6876
9323
9993
4017
3971
5827
5744
3420
8780
5667
5088
5704
2259
1477
2442
8392
474
4398
25
7419
2972
5861
1045
2287
4860
8757
3163
6041
819
2557
3663
7831
9802
8078
2719
2710
1089
2810
2676
9342
6003
6980
9355
1318
4661
3839
6075
1905
3880
5101
2270
5217
547
3860
6392
9037
4643
2863
7117
5813
7423
5598
7801
8729
3259
1280
6566
9148
8085
2530
8476
239
3514
6330
6827
9124
3277
4625
7740
6520
7845
882
5968
8488
3841
2837
118
9677
7163
9691
2326
1220
2626
4108
827
9318
8345
5477
3852
2456
115
1145
9797
6201
9591
6578
1706
4566
191
3713
3791
6038
6355
9211
3904
543
5022
721
8674
865
3028
9820
7368
8314
474
4850
6433
7833
8079
5540
9172
2115
6023
3975
3991
7829
2845
3275
322
9569
5603
6148
3401
8785
6673
399
7881
5585
8335
7402
5481
1082
3593
2595
3759
6723
572
4114
1474
4911
8236
6823
1002
2157
3234
4218
9781
1986
1179
9946
873
9858
844
3991
7362
6491
6419
6007
6579
9144
1234
9694
7857
2637
6171
7667
1939
3220
7356
5815
1006
8719
677
9819
5817
7848
5148
4176
436
51
3239
5876
5658
4768
3894
660
9386
5667
3150
9750
5921
1020
8035
8814
6441
6165
1731
9023
9752
7784
1857
2087
5842
2580
9175
7318
4701
4881
1029
8971
9444
8667
2373
6387
5818
9563
7402
7780
9897
1480
6439
910
1929
722
6050
345
7114
7632
5112
1520
3440
2165
5970
6381
2595
5101
7750
4070
2457
1066
8400
2768
8687
2996
3084
5630
8565
246
9200
4525
2338
4133
2457
240
6088
5406
4236
6714
5427
7834
7720
9918
1125
949
9219
9058
6234
2799
1494
8935
9216
515
7935
7496
9114
2470
9984
1858
6927
876
5323
9466
1962
7740
1054
8375
3207
316
4334
2157
3522
4402
2739
415
8796
5123
8030
5486
5126
5228
9906
9550
4553
337
854
4065
3917
9045
9252
5218
1978
3385
5527
4918
7137
1701
5335
6741
1779
1723
4512
192
9556
6303
2830
4675
8796
8138
7492
6635
8588
2608
2719
9480
4099
9825
8809
6094
4199
7950
2587
8029
7575
9885
1304
3782
3144
4585
3742
959
6845
2362
5508
3589
9625
840
343
6368
808
4475
5631
2176
6936
5947
8232
7880
8644
2145
6285
6124
7156
937
3663
7569
7597
7490
6403
8894
8470
500
4637
6757
5354
9378
9274
6843
2190
3158
17
199
5341
707
171
6070
4033
9673
4137
1653
5759
8526
5487
4344
6743
2042
7086
1352
5681
5627
9844
4869
3615
7975
3378
8376
4023
4757
117
1141
4997
8241
4187
3441
9716
9069
7808
4671
2338
6761
852
107
3900
4949
3731
9809
6854
5826
9846
4920
7456
5849
1437
2445
2386
1334
1900
9482
9701
8271
8339
1836
4504
5417
488
9971
6554
3514
5974
7317
454
6354
7352
2114
9021
1336
3345
4161
6992
8134
5275
2118
5281
4154
9803
5335
5695
4575
798
6568
2226
2918
6387
8415
7803
5362
2063
6801
4763
8285
7103
9428
3180
3897
9494
5768
3689
3243
4053
7851
445
9345
9501
7883
5480
5796
2884
9564
7862
7745
3901
4867
9793
2856
7487
6973
7045
9595
263
3111
3018
8975
5403
8099
4055
3761
853
544
8688
6045
7870
8859
4957
123
403
3522
8080
2599
968
5322
5411
5820
5361
6759
6808
3849
6792
5180
6364
2487
9857
1785
5755
6095
6120
199
412
4367
6049
1953
7139
1627
6498
3914
5905
9670
9065
4501
9047
2773
2203
1307
8368
76
9223
2680
4256
6202
5024
9754
1297
5761
6735
3440
1656
1133
7309
2966
921
5820
6575
8704
1105
7574
1214
2214
1972
6478
3733
724
5022
3230
615
1569
4062
1974
1514
4526
2556
203
4615
6430
716
5492
8112
2962
4629
5125
4097
7100
5645
29
9134
2363
703
8860
5265
1652
3320
1582
6269
9318
557
4394
6626
4857
3423
9530
4816
1568
6927
4058
8350
2435
1241
1609
5236
8538
7303
9715
5453
2362
8581
3337
6460
9505
5718
2039
8759
7528
2264
4307
1107
9914
7851
7520
71
6468
9781
6197
5350
8855
5249
4339
510
1451
4175
9899
8591
3192
7007
722
3459
5667
2715
1649
656
6379
9714
1929
6061
3777
6446
528
6706
2434
8987
4506
5716
2586
165
2238
2558
8122
8421
8914
513
1095
4919
6511
5600
8815
4263
4200
5070
1683
7569
8056
9019
6062
6642
811
5682
6687
4508
3414
9508
7372
669
207
1275
7134
9100
8604
1176
1204
3225
2393
9062
2882
4901
4950
836
2697
3766
5010
6388
5923
9247
2966
2373
8120
9956
108
2672
1119
4269
6686
390
8575
1458
7251
7929
1116
4908
3314
5822
5937
7688
4063
6780
4698
5996
5587
8721
6565
7874
7876
9427
343
2988
6726
5898
764
4220
4583
3515
9229
3395
365
3621
8531
1506
3353
3342
4464
8506
328
8070
4571
8941
8333
5357
5774
7454
7658
8735
8113
2596
958
1381
1437
8212
4754
2460
5509
9223
9022
3517
1689
2574
9026
8319
6148
4795
1131
7181
383
4706
927
6035
4676
3581
7666
1192
4153
5322
3765
3119
5035
6071
1907
6391
835
6071
5161
8439
4332
6586
7428
6706
1404
1191
2548
2399
7041
3874
415
9128
2198
6011
7586
6448
2551
534
8026
1536
6660
4367
6879
7082
1560
9564
6440
9815
8392
9497
8883
2064
9330
8879
4709
8217
9740
5501
9370
9038
6311
7093
3068
9405
2698
8918
354
9240
9132
6415
6811
3133
1378
2498
9842
1502
7483
946
9394
4991
7793
5747
2303
4239
4880
1226
866
9188
5236
9302
2239
5621
3830
8339
297
1787
5985
2710
5734
4622
8400
3388
3299
3363
2611
7696
7369
8137
9701
679
8298
2508
4641
1460
2382
1875
2296
5424
7684
4152
4832
7110
6461
5203
2027
9275
2469
9119
1814
765
8051
2662
8289
9530
1579
3886
8362
7432
548
7327
6244
310
9434
1975
7057
199
4283
3718
6985
6545
7921
932
7586
9832
660
458
6167
4074
1422
1337
2444
4344
3338
5368
4097
1691
6000
6784
300
593
3847
8196
2808
3450
6403
6283
8774
2500
1501
8682
8109
2057
6999
3029
894
2943
20
140
7136
6658
5285
5983
1981
8899
5708
1266
4389
855
9104
3203
6230
1907
4609
1364
1789
9262
1189
8378
4733
8427
8488
6678
741
3425
7189
4519
9214
7154
2045
8034
6724
429
5788
1224
8226
2864
6232
2483
9410
2
2066
4494
5066
8864
5060
4146
3818
8449
7722
527
9178
2614
5778
1942
523
234
4306
7441
5284
1590
4808
4411
5410
512
8078
1366
7016
8960
4317
4324
1989
4469
7635
5860
4301
1142
6808
8260
1791
1742
7944
6085
6254
1816
7618
8867
826
6789
6895
1695
3843
9464
7702
9988
2640
8488
3033
4878
9075
7991
1580
7353
952
4811
5576
2494
9976
2530
7844
31
7403
880
374
3760
3101
4960
2093
333
2406
1235
7922
7430
7853
6246
4694
2375
9618
9629
2078
4905
9359
5143
8230
1974
7027
2163
603
8224
9154
5353
2047
3097
184
2101
1170
4387
5448
5692
3753
8539
5565
7164
8962
9939
7220
346
74
5038
4581
2636
4497
2285
8897
8783
1941
5509
1251
6103
2824
6657
4887
7394
1185
3613
9028
2131
7698
189
5714
7424
8739
8328
4804
7726
6889
7050
11
6277
6712
8749
589
1877
7250
1071
9141
1758
9228
1783
5883
5007
678
4817
3689
1318
9414
7958
6229
6661
4589
6550
3596
886
2412
3022
5988
2243
3066
9020
6179
337
6803
5543
5805
2119
7286
6542
8812
5192
9329
3197
7806
8919
6374
9291
5508
6599
285
2937
4014
1345
2312
6279
9173
4175
9479
2748
6000
5318
5036
929
3782
8780
5126
5173
6277
5768
6357
5727
3243
4790
576
5313
4442
4905
3834
4872
6191
3938
6240
8489
3574
5277
8232
6377
8494
5300
6618
5273
4899
8448
707
7566
7704
8488
4791
4065
1223
2605
8333
420
6226
9630
9277
3932
2154
4919
9126
5699
2463
2193
621
2891
6601
6981
178
7308
1682
7235
7610
9329
581
4134
5045
832
874
149
5493
6772
816
2021
9017
2696
4360
3468
1090
4678
7158
6163
3412
8902
9391
7798
2164
462
9318
2898
2506
4766
3521
5465
959
447
5933
2492
9263
9621
7991
3926
4264
9931
6463
7752
8459
2932
3890
8531
4900
5070
8929
3947
8378
743
356
6690
2009
1769
9013
8371
4664
3937
6557
8037
27
9284
8497
367
2509
2224
1738
7635
8724
8717
3590
5120
5771
320
62
1822
9198
9110
6113
7051
4181
5260
9527
8732
3195
6334
3072
1133
2255
6276
6693
8106
5652
2456
2622
2942
6058
1211
1509
7417
2834
5798
6929
764
6440
5890
8961
3912
956
4361
4929
5587
9885
5406
6827
4636
2667
7835
514
7290
604
8765
1285
8989
1283
5866
4127
7848
9998
831
4628
909
5147
2789
8293
4880
2144
8022
1860
247
7004
1523
83
1363
6403
6698
5410
5387
5776
1815
6022
9812
820
5689
9734
1706
603
534
7456
1779
2424
6902
67
2926
9560
4211
6868
5957
3065
469
2066
4939
7909
6519
8172
735
1930
3355
1624
4167
3278
5884
6478
9515
8363
2897
6589
5036
7655
928
5337
9602
1121
9204
4670
3624
8568
3941
1990
8010
2705
2870
4264
7068
4349
5071
3597
9981
9891
6939
7486
779
843
2426
9993
8548
4106
4573
7134
8062
9472
5794
944
5966
7760
6370
1871
9184
9014
4171
8430
322
5199
3771
6365
9483
5992
9781
6966
3153
9376
7502
5655
8573
1049
3803
7446
6384
7900
2503
5491
5222
1201
1488
2547
9416
4585
3281
2917
4979
339
6861
4180
9674
5133
6140
3849
98
2873
9713
6005
2440
8078
7228
6896
3864
7891
62
6510
8300
4640
7843
5211
3857
3734
7800
679
9005
3600
956
589
1249
5340
7694
732
5086
9851
5387
6612
5691
9269
2470
8965
1034
7736
6571
58
7861
3778
9138
8192
6367
2828
5384
2372
4256
3830
6290
7789
3400
8263
8948
5420
1279
3414
2533
5862
5051
4278
9877
8313
8204
79
8776
532
8485
2073
2903
4540
1092
9037
9560
5860
2934
5638
324
1175
2214
6744
1118
401
2501
7670
233
4416
2066
6317
6373
8916
7274
8228
3956
8219
3541
9698
9556
235
8568
7234
1653
5262
320
3914
5654
6782
6619
4479
7531
2037
4069
1356
2370
3773
1547
3252
8604
2281
7500
6414
4800
8591
904
6223
3458
5547
2868
3395
5516
3351
9638
4727
9953
139
7976
3078
5251
6156
789
5063
3314
2190
4263
7795
1890
9056
7728
7954
8566
5132
4033
7426
7943
3219
1273
9804
3733
6317
6410
1192
9222
4317
7499
6864
2776
48
4077
2620
9894
3642
4551
5965
9689
8776
5380
7567
1611
2950
9298
7937
7723
6724
8852
7689
6929
3548
7135
2348
156
2691
9750
4238
9682
2637
759
4696
1582
1300
653
9558
7534
2399
6236
9691
1147
4439
703
6184
4386
9863
7186
6756
1676
7167
559
5904
2841
8029
396
6380
1149
4821
2631
3685
9425
1288
8693
8456
5462
611
8667
3835
7747
615
9386
6240
3921
5427
9257
8286
7314
6570
9105
2056
1413
4150
2338
9385
8170
596
8355
3390
3698
5198
251
2071
4079
7631
1607
500
4774
2573
7444
2827
9431
5540
1241
9171
7755
2182
3363
5273
7575
9371
6167
4759
3203
6662
7632
4815
772
951
8439
6146
1371
5490
7063
7191
4455
6821
3697
740
7293
9624
6590
8338
1011
24
3725
4165
168
2439
8683
5431
756
3749
1990
757
985
1208
8318
1497
321
7346
5440
3508
4834
5897
3074
8474
1126
7708
8407
4590
6850
4520
418
6106
3150
1543
6931
90
3228
6821
6768
6555
1683
6528
4316
5095
1266
535
5378
7107
7267
1867
1250
7744
4870
6989
2644
5866
1504
1253
6299
3402
4473
5302
4874
7807
3948
3738
5109
2568
2812
6933
111
1081
7751
530
9114
8667
509
4849
2075
5942
4288
8218
7097
4344
7895
4058
5787
1199
9425
1432
5407
7407
2034
2773
6956
5551
6651
446
5151
34
381
5962
9694
3709
4755
1737
7196
7400
5029
5538
9624
9677
249
2003
8285
4333
3978
3956
1963
2074
7224
8645
4099
1153
8387
461
6643
8888
9854
2233
7579
2307
7240
1767
5036
1535
5218
8945
3330
3948
3381
1393
5371
614
6651
3507
1426
9088
7356
4449
6386
8236
319
5624
6443
1447
8015
7098
1312
4310
207
5427
31
1649
1313
2479
6742
6671
9222
5924
7847
1879
1259
7326
3461
7434
6593
2984
4178
7648
9454
6057
8816
449
4289
5843
63
7790
2169
1583
2671
7250
7620
3653
3244
6334
6406
4595
1550
1378
7737
6078
755
2365
8883
5593
8016
3449
6222
8438
7481
6534
4400
6403
4860
1875
4455
4422
6504
5322
2511
458
6174
6589
2966
1863
9546
6707
3973
3574
9887
5689
8456
9598
8350
3372
895
9513
8807
7357
8691
5905
296
2062
7045
7057
9770
1952
7961
1541
4089
256
7260
7876
2952
1653
8290
2874
3837
3755
7390
6933
5909
7540
4117
3127
2327
1346
8747
9691
9427
6490
613
2238
6836
5153
3479
2881
4746
2769
8350
8344
3288
7821
9829
8073
4231
1717
9512
6395
7080
166
8717
9841
54
5393
3341
1912
1391
5409
5602
2739
7966
2565
1014
388
6307
8653
4050
3876
5728
7942
2649
5347
4571
2703
9972
340
8259
8008
1630
566
2282
3896
7967
3219
4091
3363
3955
4467
5369
4044
3716
2490
188
9943
2792
7190
5142
7144
8878
9528
4700
3994
947
3349
8773
1978
7427
6488
9729
8203
6430
5987
2987
4232
4876
4329
8669
8850
8829
9728
1820
4282
4341
3730
5198
6373
6671
3645
1739
9262
5879
5654
3488
4232
8474
6840
9956
558
8053
827
1705
3438
2686
2255
4255
360
3165
9877
3364
2659
4200
6713
5150
3399
108
8408
3620
6248
7653
7701
3696
2506
1276
3745
56
5117
184
9904
771
9127
2480
2629
41
7803
8868
6993
6155
2425
7315
1603
9229
1632
507
6679
8219
3099
9928
4363
8272
6357
3977
9542
7547
558
2621
2815
7308
5153
7831
4636
316
4582
7245
1104
309
347
8347
7387
9747
5098
1828
4380
3844
3773
5716
7781
6453
6205
6378
6544
7336
4135
8571
9363
998
3094
4309
3744
4386
6252
9554
2042
4498
2971
8440
2868
7223
9579
7099
4217
5569
3638
2999
6807
8862
5875
1155
2231
4457
5851
5597
727
36
8417
3010
7662
7668
8100
5601
6125
467
7620
1951
5451
8899
4934
7849
1916
6558
473
3911
8389
4624
2460
3180
4308
60
3649
9841
5953
5128
7166
9679
9741
4808
2688
3970
8015
4317
6686
1134
7612
1066
2126
4665
6425
4130
3641
1598
2088
9580
3965
3084
9974
1868
6199
7550
4727
9888
4346
7312
745
1261
1472
1563
2184
9977
837
2180
2365
591
399
3945
5761
6829
5188
7462
3162
3700
5233
1289
2048
9965
8958
9642
9733
2194
3270
3384
6419
2517
1890
4956
8935
9664
2964
2428
3647
6928
5409
3882
8803
1251
1042
987
2378
4838
6142
9808
1409
4371
1759
7649
2743
3227
6826
7034
3157
8918
1937
1816
8853
1385
4500
5839
540
7770
7906
1584
434
5781
8353
4784
1852
915
2981
1144
366
2404
2122
2954
7867
9022
6618
6669
7387
8639
8409
7338
6996
4766
8878
2110
5703
9253
4820
3040
2925
2745
6318
8864
5780
3568
4280
6513
5250
1292
7967
5752
3069
3371
4438
4513
6103
2011
2500
8251
3920
3655
3524
3971
8294
5363
244
8428
443
748
2545
478
2957
3104
6164
9521
8576
4901
6209
5574
7230
915
2448
1614
6118
6911
7452
5541
4954
7035
1818
7344
9987
839
2958
6888
5924
5214
5229
9094
4448
7412
9548
6240
1671
2817
47
1615
4586
5150
3824
4802
8309
7385
7379
6519
1778
8825
9955
117
9437
7492
9657
7592
403
7287
2977
293
4617
6196
2132
8365
7582
5253
7506
8416
1420
7924
4391
5908
172
6114
4222
7318
1568
2100
543
7260
5790
5340
9042
7423
4158
9342
9206
7474
7128
6546
2325
2840
1497
8539
6923
699
1303
4794
8029
3426
5538
5645
1135
8257
8508
4198
5169
2985
5434
7496
1361
148
6721
9411
6494
6323
9218
6468
9702
8947
1735
3046
1726
338
5117
4316
4304
7519
4249
3620
5285
6850
497
5994
1923
4505
8307
1086
848
7362
8966
6779
8211
4036
7809
9517
7648
2447
8625
8539
6867
8591
381
9016
5884
959
6987
3430
1278
6482
342
1427
1128
6759
565
5883
4791
7877
5041
6911
112
3159
9636
6168
8235
5830
1306
959
2782
7766
1197
1369
5847
1247
1279
3915
7991
2941
5612
2096
3210
3250
9376
7574
2725
9546
4965
5744
3357
8869
4656
5935
7238
4192
3614
9623
9662
8511
5327
9663
984
2674
3975
9780
6655
6162
4668
6349
6721
4793
3023
3830
2392
5753
121
1127
2682
8253
7532
8630
8511
7640
9800
4717
5176
1840
8549
6089
6616
1651
3191
8474
6534
571
8128
2962
2108
5634
5284
8501
5740
8001
3809
2939
9111
958
5912
3411
1671
3403
8872
1834
2606
8908
8540
2792
1305
3998
8856
9226
6433
4430
5273
5958
7780
4937
7364
2337
8265
6150
7329
3050
5700
2232
6653
497
5206
4137
2747
3058
3561
6332
1020
995
6144
9343
5582
5841
5680
6532
3493
9651
9477
1155
3346
7701
8514
8918
8835
1917
7368
2031
1944
2596
8747
3041
8363
2845
143
637
9884
3556
3037
5016
4599
6714
6968
7453
5994
1366
1787
7236
6252
9669
1451
9276
7425
105
1849
7403
6548
1167
3284
1575
7179
1588
5522
2074
407
2565
9568
142
2935
3296
5733
2402
8476
3660
1950
5986
1426
6864
9794
2284
8534
513
8214
9905
5118
6690
6598
1606
7272
365
9439
5698
463
741
4659
9774
7944
1974
6379
3444
9462
8126
860
7238
1922
2187
1183
6813
8828
502
2304
5189
4640
2081
3095
833
3467
6890
6148
6142
8944
8467
9263
9079
3575
3965
4791
586
1358
9106
4290
1713
7075
6394
6326
7404
9271
2442
4667
8329
1675
4289
2607
8254
9547
5167
6706
2047
3295
7355
9838
8612
1582
3463
9124
3800
115
7787
9051
661
294
6204
3891
8258
4022
6498
6371
5741
7076
974
1500
5340
3686
9749
5430
6532
9198
6204
9259
3748
6052
5747
6838
1680
690
5243
3772
5490
5475
3273
2075
8064
187
698
1218
2802
2291
6938
1688
8382
3768
9853
1568
1457
5044
6099
188
4274
3281
4496
5377
6870
3161
7038
2523
7656
3167
955
4278
1966
9310
457
9499
5476
1298
8698
8813
8243
3202
8864
2053
5582
1816
8274
9735
3991
1116
919
6744
3892
511
1954
1414
6095
7865
2316
7352
5571
5715
2870
8470
4378
505
5259
9968
5400
244
979
9290
9926
5506
1119
1451
5046
2382
6669
2531
1342
3676
3325
3648
7409
6417
5336
5261
5372
9570
72
8243
763
5745
8738
3876
851
4651
8912
9632
7868
4036
1465
1402
7410
5975
7798
5705
7762
2481
3325
7339
2893
4625
9648
8902
414
3625
981
8670
5935
689
11
2451
6952
4792
4655
3161
2626
4015
9886
9153
643
6608
8218
8599
8732
2503
8287
2597
6330
4639
3486
4092
1405
2209
1604
3201
8521
4637
2044
2062
6820
5996
9342
3947
825
4414
420
2069
2703
5
8310
3202
1925
7854
6922
102
7181
9700
9819
4503
5790
9054
971
9455
7904
9744
6965
5694
6319
7118
8236
1842
7881
4461
1581
2292
9111
4608
7398
9859
6985
8147
2898
2465
5558
5156
6871
4456
559
6988
2517
3514
6958
8247
2284
3518
9078
6835
2741
2230
8832
1678
8056
216
5311
3605
7848
4014
8165
4714
8884
2250
7919
5554
370
8142
8734
7423
9456
5606
2952
9195
6949
9066
2247
4227
3223
8984
7171
3094
847
6111
5470
2157
3531
7506
9658
6339
669
6486
6045
6824
2958
6853
641
897
7379
8952
2195
1619
9148
1452
8998
9652
4171
8063
4006
8148
7993
2860
2370
4366
6278
1347
6486
8405
7451
6960
6341
313
270
4305
7096
1691
7853
1116
1614
6871
4933
632
2944
1801
6989
4920
652
5791
8281
7512
5345
2465
817
646
7702
1443
7786
8403
1932
1565
3103
2069
8669
9763
3380
8165
9025
7136
9811
2764
9776
5173
5319
7940
9445
647
6573
7522
6457
7236
1463
9640
3465
5591
50
3023
6424
1293
1049
2455
3111
1861
6512
6383
3359
9852
4526
6236
2487
8957
3449
2732
179
3969
1527
9158
9330
3496
2537
5423
3310
6401
1539
9529
5491
9061
4784
5043
1918
773
4349
4142
6537
8878
1174
5825
8553
3519
9837
8041
3160
4338
4616
612
132
7863
9174
3092
9606
4873
1545
8005
726
1588
2016
5237
6801
7185
3967
7822
83
2853
6745
2814
383
4342
5292
3501
4336
826
3338
832
6326
7756
5758
2588
7845
373
928
8577
9355
7530
5775
8931
7613
2578
4638
429
1853
9208
8007
2723
4225
5338
8745
2288
3444
7411
1515
7021
5752
799
5750
8469
3954
9388
3776
1877
3570
8896
3430
6475
4945
3974
8905
9709
1533
8732
4430
9504
7521
3968
2889
8050
2453
2086
5480
9098
6587
2451
9172
8309
8325
5780
5793
2794
4277
6023
391
1668
3245
2181
6722
4179
7731
500
4599
5758
473
9581
7252
5218
8917
7056
6783
8238
7569
6731
2381
3248
6705
9322
9009
5920
6071
8266
3976
7511
3875
4466
5001
562
4636
300
6165
2617
4262
3731
7495
4971
7111
7926
9842
8816
7731
468
9159
5538
9463
8901
3348
1464
3178
6163
426
9851
2022
261
8905
4561
2251
7449
47
511
5979
7121
6869
5749
8984
9641
6689
8781
5586
5433
2371
2654
3053
4774
2392
4211
4
2944
1429
2943
6823
4671
1212
8860
1240
5115
6078
2998
8914
2038
8870
7256
7122
5272
611
2575
9449
5096
1723
5724
761
727
3488
5329
4705
3764
5880
7217
431
9140
1989
7608
1350
7888
9784
278
6333
1877
9182
370
2959
542
6076
3269
3172
3620
5263
1630
4014
1886
1070
7502
9996
9989
7868
9308
9074
1616
2652
5399
1249
7431
8388
6862
7318
483
9919
2321
5477
2134
3893
6592
5147
3919
394
3192
629
7235
6716
7993
2054
3255
3123
7552
7411
51
6265
1049
7440
2549
8478
9181
4621
3635
151
6834
8589
1534
7993
8912
2931
9364
4179
323
2483
7689
40
1775
6040
9864
3300
2785
6659
2935
9676
2107
656
3994
8058
3633
6805
2981
3485
2750
9257
8170
3644
4134
1286
9813
2720
6985
2053
772
1093
7847
5299
336
577
4317
7129
8901
2710
5169
9845
6683
1917
3760
181
9239
6298
1888
3224
6192
6263
751
7811
7275
5250
4109
5245
1568
7382
6309
822
1646
4072
4446
6833
4222
5277
9603
6451
2858
1431
6859
256
6309
8910
7533
996
8148
5262
19
7638
9477
481
7471
6771
6728
7036
1586
7968
807
4571
1797
9851
2195
4743
8276
5307
8989
7981
5348
7527
1337
6662
9113
3372
6215
8582
9434
6946
1115
497
1732
4197
3805
3993
8535
8854
8069
4936
4133
1085
2080
3421
8321
2907
6898
3212
6751
8512
7475
8463
6131
3490
7495
736
2243
4208
2421
1210
7528
7476
2167
1372
2863
1099
5981
455
5088
7893
7319
9417
7804
9304
5763
9348
8030
9930
6351
6870
5409
881
4115
288
3838
8226
3023
8048
7612
2527
4104
5407
5499
6897
7053
6123
6502
3913
3298
3434
491
6237
6204
8656
5396
1866
5842
6284
159
2545
1610
1690
9301
3077
5852
1176
602
17
5610
4476
2137
539
7631
6609
8715
6156
3847
9407
623
1411
703
3018
9508
4639
5871
4214
7199
6502
195
1415
3348
2087
1036
6023
6858
4067
5548
5861
4239
7685
8919
9309
5292
3109
3086
8061
2790
7104
6037
2347
8212
3901
448
4928
9994
4650
3112
9211
4245
5888
3377
2416
454
112
9645
6900
6273
5703
7886
1454
6190
9233
5051
9664
8608
463
3312
4300
4652
9258
8125
5082
9889
4053
4252
2130
7085
3510
9085
8995
4066
6599
1898
7186
5867
1420
950
8832
4377
9808
7785
5305
1961
2987
9523
7416
7680
3388
5438
7149
6106
9078
3723
1816
9040
231
7957
8948
9889
1542
531
4323
8942
563
2015
6089
5321
9569
1307
5104
8016
7746
1302
5363
4059
1241
8733
8619
6660
943
4915
4196
9898
1725
6144
8367
9440
2324
8690
7671
676
2046
3500
7029
6652
9019
5
6685
8215
4892
6764
1578
7928
2510
9046
3037
7436
6397
9936
5432
5268
662
2047
9782
8279
5335
1503
2216
5382
75
4517
7667
6564
3687
9567
8199
3729
8972
4959
969
2421
5019
2402
2989
5118
3301
2082
8557
7426
9610
3710
538
8288
1257
1026
8491
4072
7784
4311
5053
4306
3909
6604
6996
3712
5395
4554
8848
1210
2144
4055
5110
1602
7891
4183
1746
9740
2604
339
8837
185
1927
8927
4075
7573
7825
1466
1132
4234
5957
5568
7830
1922
8267
3873
6517
4006
3748
9755
3088
2890
6433
347
1679
5024
7276
3297
9232
2468
5771
3522
7838
5627
7935
227
3052
6547
9554
2434
3227
5919
7513
3364
8307
9837
7434
162
6504
4252
2873
5648
3810
6070
9868
3049
4396
9874
791
3005
9598
8376
3103
4517
9422
2871
1898
7988
3279
7204
9926
8983
5999
5048
5155
5969
1104
5686
3870
3883
5753
7864
6833
8125
848
4814
7061
315
5357
6070
419
7986
6065
3315
4425
5301
2723
8174
6402
792
3788
9612
9424
1187
9856
7369
3397
7432
245
5757
9037
178
3196
9053
4525
7207
1663
5697
8165
4521
4777
3580
5521
6184
9725
2789
6171
5348
1
5373
3500
404
3758
3918
736
5676
375
2021
7832
5678
4210
115
6735
5582
2013
9515
7066
8264
4507
6058
329
56
3222
2233
8362
3152
835
3334
962
2540
7005
8822
8350
9233
1937
4842
6457
9663
6797
7601
6897
3099
3485
232
8925
5174
6241
7625
7692
5741
4106
4754
1651
3594
6348
4036
2121
8898
2619
6391
9684
6572
5838
8837
5360
312
8567
8687
9302
7483
3002
729
6144
9655
606
9116
4065
2244
9885
122
4144
9375
9826
5407
7634
6887
2136
7984
1413
7230
7566
4688
6072
4864
314
9630
6831
9762
9810
2838
4804
9623
1005
7108
5006
8465
2715
3933
7936
444
8534
6301
3567
2914
6351
2164
142
2043
628
7381
5306
7604
6228
1112
3789
965
3821
9749
4099
1766
4667
7761
6520
4259
6936
5093
6064
3907
6601
1135
6976
8448
3466
4701
9899
5342
6858
7939
8855
9310
6166
9650
2838
9467
8522
89
6003
5466
9681
5021
1176
6037
4407
1511
3741
1283
9529
1754
6817
2210
6254
4092
4107
7112
8263
2295
3764
4598
8688
5175
5222
7361
2124
8649
1032
9104
7523
1462
7471
9403
4015
3989
897
7794
4485
6728
1690
8841
1110
1440
3945
4552
2913
3213
7064
9133
7923
6179
4865
3794
1519
9087
8919
6075
8147
9482
5420
8986
5770
6863
9117
170
1099
5850
3556
226
8973
142
4233
2367
1079
6842
83
2655
7614
8574
9229
1201
469
7763
6877
9941
8043
3420
6803
1819
9889
5821
3055
9609
4059
8596
5112
9922
1231
898
8056
9467
7477
4576
9081
6112
1900
2562
3081
6880
6239
5049
2960
8667
1062
9460
4837
5164
7139
8700
4364
5238
1244
9713
8029
3849
2744
1009
2457
6490
1088
3461
5544
2067
4566
3445
5495
7179
7584
1173
7779
6824
7064
9931
5418
2691
8610
3872
5041
428
9546
2981
9687
1529
9089
3898
9493
3800
5537
4375
3058
6782
6588
7341
5561
4958
1692
7760
4493
2059
4679
1785
269
4417
810
3065
6900
9907
4883
5485
7433
1754
6036
5106
9899
3231
515
6622
2174
121
5805
1265
8310
2698
8254
3753
4678
7932
1616
5629
1554
5658
5755
1110
4665
9512
3191
9470
1669
4581
6121
4856
499
8944
8089
450
130
5505
2565
8954
9391
3887
5368
5428
6175
9531
9073
1767
7644
8605
5332
4259
1821
2838
5389
7026
2373
7987
9959
4469
1282
3264
7147
5299
8659
6798
1069
9178
4966
3919
4472
4597
8574
928
5803
3167
765
6881
4857
1242
1023
9891
1490
4460
7811
2444
8652
4640
3851
2337
4461
1313
423
1955
7979
2080
2161
8836
9892
6993
2404
4729
2393
2204
9283
8679
2234
7216
4417
2062
7105
8272
9344
9973
8318
7642
9616
3840
2096
4856
2887
4774
7680
1313
5232
5759
2939
4105
9471
3520
7206
8392
306
7665
6647
195
3719
5523
9642
3115
2279
6008
8366
3120
3735
4771
8050
5324
7608
5940
7240
5437
3355
2815
787
6460
4132
1043
2266
8106
2168
2974
4062
2412
5358
1211
1449
4067
9752
2639
1652
8092
9386
1683
97
663
3073
2918
3847
1130
7648
8745
6557
4568
8495
7386
191
4559
1164
94
6227
5336
2336
4204
3086
889
4519
390
7150
6211
6429
8348
1841
2434
241
4989
3028
3324
7622
3223
9222
5292
8784
7373
1958
6923
2669
3412
5086
6851
1814
8281
1728
752
2455
2818
4158
9206
8982
7050
4969
8225
1997
4953
7534
3368
896
8174
19
6519
5177
4648
9962
1656
3466
8594
5782
2231
5637
2916
7499
8143
1345
3708
1426
4712
7795
9248
2580
9544
626
2640
4234
5731
4419
8095
6098
1436
3530
5740
1427
6592
9707
8778
8554
7179
242
9861
4277
6334
9320
612
4843
9431
5624
9378
5340
7155
1310
7473
9754
6636
971
3500
2114
5687
4391
8588
3751
9372
3532
2852
2960
1255
2496
4788
1108
3932
8968
844
3593
4759
7068
2004
4960
3031
4455
7843
4962
4302
1026
6235
6353
6020
2634
8642
5858
6203
861
6771
6851
3482
9080
6244
6048
2530
5789
6918
6780
3606
8510
7468
8262
8778
5431
3979
3675
207
7409
8373
9869
7834
9941
2761
7998
4787
3284
32
7531
8853
9046
9353
5699
7516
3219
7632
692
2183
8931
4439
9697
4508
6952
8437
2190
3972
8422
7903
4842
1291
2152
6605
6833
6591
8408
8988
3428
4837
2096
5374
1249
3494
948
8758
838
9047
8444
9615
838
9671
7010
4129
3381
1067
4302
4274
2139
1300
4288
5217
2893
8317
5277
6706
1435
753
9036
276
5178
8629
8709
3394
2917
5575
8374
4970
1854
8352
3777
4090
2230
2574
2002
5241
7671
5834
7691
8854
3715
657
4775
5535
7888
146
5633
6027
2173
8537
4079
6637
2749
7432
4675
1621
2463
5956
8453
9878
8667
9781
4352
3156
2773
9541
6412
6973
8150
3986
9085
3434
9854
6945
6899
7236
3062
89
155
2268
7075
5382
5327
6449
8284
2079
7423
6675
8579
3219
1653
4126
5340
5640
3490
2526
5395
5724
9416
8439
8064
326
5485
3188
1809
8631
7208
561
4877
6042
2194
3131
2811
5640
6503
2680
4742
6220
6706
7042
5950
8486
2297
6453
6371
2569
7280
7430
3411
721
5503
1143
2752
8786
1636
6240
2636
8818
8556
3211
5567
3105
2351
8477
6304
6762
8151
1610
6569
2068
3559
8367
4998
2730
1583
5542
5492
411
1662
1028
8380
9012
5622
3943
6564
4427
5230
5197
3179
8805
9367
8439
8190
8712
1800
4991
8839
5995
5031
4047
2877
8659
1757
1229
4114
6590
3103
4368
6973
3598
2005
5315
467
2904
818
529
2289
7944
4610
1183
560
4151
5401
5648
4174
259
8122
3331
2677
9565
6012
9053
3112
2599
1764
1430
4393
2690
857
7035
9414
5023
5186
4531
1306
7966
8381
9389
3076
2666
8977
372
9159
3243
4026
3487
3369
5231
3637
7795
168
4366
6463
160
5233
1314
7195
2773
6877
445
9770
8134
2050
2418
4173
1068
9363
967
483
6281
6860
4059
1096
3021
4108
8360
984
5444
6592
3827
6231
8474
5356
2156
3147
4095
6381
8808
3765
2350
2282
3385
8714
4578
3545
7231
5103
3881
7793
322
5324
9204
3285
1726
2498
5000
7272
9231
9654
7946
680
4087
2686
5910
8096
6239
1611
1997
6058
3912
746
8322
3241
8962
6023
9954
3295
6003
6862
9390
4802
9024
775
5869
3126
3912
1187
1832
5736
9110
2828
950
6036
9523
4512
8257
664
660
6083
3141
1796
1035
4926
205
9041
867
7511
1364
5222
4244
3165
4898
6513
91
516
3669
216
4503
1844
5221
2793
3332
6972
1043
6678
9240
6275
939
6868
1890
1861
1155
7334
3415
7058
1650
2853
3846
6987
8777
4077
2813
7138
4488
2321
4496
2686
2148
5869
2530
8534
2086
1430
381
8994
7034
2789
566
6431
8805
3658
3019
206
2744
3290
8876
819
5727
1474
1012
9277
6869
4238
6791
8396
7439
2759
1617
1018
7977
5801
4170
9911
6097
313
5453
5517
8052
5766
4180
649
790
5240
445
5735
8910
336
8073
4263
2712
7561
3662
5739
9370
1007
6860
2625
9133
9859
2169
8487
2419
9559
7248
6918
1702
2274
6523
4638
4142
5766
1739
7650
7073
9683
3059
6316
8671
4872
5252
3778
364
4369
3589
2282
5913
4410
3181
3658
4460
9
3644
3450
1302
2438
8239
3001
669
5299
2906
205
9358
1760
6000
7529
8734
8037
3942
5457
5284
7199
1493
540
6713
2985
7897
9881
1374
5497
1768
8062
3729
9318
8257
8288
7491
9912
1771
6805
1111
6010
6325
8577
7363
4075
3453
2590
9913
5939
4548
7199
4962
2191
471
9467
5340
2065
6317
7596
7723
5139
3368
2212
1076
1479
3375
552
5856
4553
2623
7386
9024
5656
4472
7895
9520
9451
9446
674
2468
7723
1398
3510
8102
2475
6699
677
3165
71
1020
8092
8367
5327
4835
1871
5372
8126
4466
6601
746
5457
235
1911
2320
8599
7074
9851
5491
8581
5811
990
3134
3039
5264
4178
2995
4097
6287
3441
723
10
8932
5653
4998
2972
3011
4277
3630
1698
533
7749
5955
167
5700
5868
7356
3295
4461
3950
6331
6167
991
2446
3180
5957
2865
9203
2059
4701
192
2637
4955
6662
6547
6700
6933
6203
1098
2714
6913
798
2057
8905
7198
9095
1273
5766
7973
5787
8621
4284
86
3465
2668
4475
567
6580
1051
3687
548
4203
9968
7707
4484
6327
7245
2811
2966
3166
7539
3599
8746
8059
1431
9713
7079
2451
2372
4343
7026
5688
6776
8797
9883
3336
2890
370
4609
5158
3497
5231
7780
7959
6019
4113
7403
9054
1102
6237
5713
3321
7393
6057
6019
500
5906
8202
2561
9662
2076
8273
417
4667
7438
1051
4535
7791
5695
3113
3126
8696
9887
3824
858
2448
8352
7289
1557
3377
7207
7919
8454
1247
6211
4007
2400
2391
3025
6923
4937
1297
8133
8365
3628
7436
8978
4495
1628
8047
7244
3700
2108
68
7611
4239
885
3437
9829
9098
7326
3559
8479
8006
4481
2932
6417
736
4239
612
8568
1590
2303
3493
2455
2274
758
5238
686
9234
3120
7066
8441
1980
7870
9626
5946
921
1690
6661
1916
6788
2908
9318
8974
8875
8943
4579
6181
5982
8979
2515
6985
2229
4526
4875
3126
9704
6050
1829
6342
1293
3440
4615
64
9977
1709
9314
2750
5383
1047
993
2939
4444
2102
8072
3707
644
3194
3900
795
5515
6064
6286
4340
6815
717
5984
8902
112
7930
1970
273
4389
77
4804
394
7724
7065
9275
3654
6099
4395
4122
8832
6947
4593
9670
963
9192
1635
3919
6556
3213
344
3808
3749
7417
9198
1196
6211
2914
5536
2409
5925
4194
6680
6142
5335
1594
9180
6969
3746
895
1059
720
6395
6425
8731
3630
7111
6678
1063
9267
7137
5649
7988
6018
3321
8839
9978
3153
8656
191
7754
5368
6921
5107
8655
4084
1047
5126
7251
8777
1763
1840
2973
3124
9037
1211
6819
8877
3921
4557
2515
4985
2466
9164
4890
769
6595
9766
9719
9677
9021
1892
4749
4532
629
9519
1257
6080
9073
2359
9093
4118
6780
2642
5895
4504
5036
7298
2895
5975
8374
9096
5612
7818
104
9452
7576
3198
5480
6403
9210
3204
3765
3541
2001
3531
4225
9578
187
9121
3959
3660
8297
2056
7401
8539
3136
4538
8287
2293
3013
1869
4983
9396
5411
17
9120
3636
6614
8577
5695
8617
3333
2700
30
6441
6835
6932
3258
1465
4689
9792
3392
4056
3886
416
3446
8691
1772
7589
1554
1870
8028
7116
600
7905
1742
5638
6469
4851
2521
7684
4711
8585
3542
8091
5143
379
7456
3718
2715
2151
3144
6819
816
4061
2472
7391
143
1074
1371
3373
2226
8730
8878
5626
1738
3438
1060
9338
5870
9325
4172
4655
2184
1931
2825
7179
8614
8832
4482
3282
585
8674
1168
6117
566
3008
2919
5656
4816
9871
5211
138
562
4054
4369
6894
4377
6694
789
7678
9180
5955
9708
7356
2901
1369
3178
5075
6642
6673
4977
3908
3924
9898
2204
8341
5493
4881
3499
8977
6073
5366
4002
337
447
1455
1457
739
6288
8273
6169
2919
275
8392
9944
234
2216
2851
5579
6117
9112
371
8986
3758
7416
789
622
8931
7090
6641
1547
1326
5499
6335
2105
8798
2647
3438
8032
4540
1838
9195
9596
9319
1422
9616
4278
9685
3990
4202
2454
8295
9104
702
8563
4362
4443
9177
7311
666
8120
9059
5624
8487
1841
4941
6253
3405
554
350
8199
2972
9313
3916
2475
1937
2162
9020
9097
1913
1033
6268
2649
174
4889
7953
9311
6600
645
5023
7776
8709
7744
44
173
2173
7703
4123
6774
8262
8443
1842
65
242
726
5849
9564
7928
682
1988
8689
3291
8037
6557
8903
320
4433
9623
4410
9190
9989
2191
2736
8157
9144
475
2676
6635
8730
7494
1309
9376
2222
816
6017
4827
4134
5375
5814
344
7692
1977
8646
3223
7023
5382
7814
9225
2400
633
1154
9675
3326
2714
1216
4090
9654
2532
3315
7770
5302
1726
1034
2827
2685
9885
5512
6706
8454
366
5723
4430
2806
5095
1779
9506
5276
4501
2316
3723
9651
6027
9980
7907
9465
3558
6144
4118
3386
521
7129
4739
6719
1450
9380
5441
1264
329
354
7103
773
9203
5175
6425
3416
7182
6519
6190
5786
8263
6644
3925
5250
6183
6005
2038
8729
5895
2450
3435
6355
4211
8670
4072
7895
6643
3255
7964
8278
3545
2480
718
6168
6289
5791
4861
6068
3390
7829
3939
185
7249
3807
2633
963
4509
3057
7002
9024
6865
7655
2360
4110
4658
9165
6283
8543
2526
6763
739
3691
5008
4243
463
16
71
1770
4360
342
263
614
2896
4192
4416
5561
7272
8261
7657
211
5500
4403
3850
4973
6394
1856
2538
6172
4982
4867
1951
7426
1874
356
721
1194
4705
2811
3555
9237
1937
5228
317
5625
8038
5546
3735
4873
4305
7821
8223
816
1493
6130
1236
8903
8762
7085
8978
5738
8481
3754
297
4904
7923
9774
6175
7369
6992
7478
7324
8091
5792
7999
9122
7870
7042
4448
1340
902
6167
1528
9953
4037
6183
6242
9683
3326
5467
4699
8884
7057
3912
9457
2862
2217
7054
342
7798
3067
8301
9185
5057
6345
6615
5596
4877
7521
648
6504
9167
6458
679
6981
5450
8881
6499
3620
7892
2103
2834
4641
6771
9632
3836
2791
4755
9463
4724
8108
6917
5136
1763
7662
1545
6977
1381
8495
497
3322
5513
8158
1096
7982
2978
4488
6376
732
6087
2545
6873
2164
7565
2020
5096
2928
5350
2815
3288
42
1857
18
6207
9757
9907
2012
3209
7272
9653
7094
8187
8498
9581
4637
1596
8013
9941
6573
6159
387
8793
3770
6714
9111
9281
9739
5084
8531
1705
1032
2872
9373
5512
9674
8649
7725
4395
8025
1119
672
2374
582
6526
9165
9936
386
6864
158
7104
9977
5198
5586
4652
8079
5845
5311
5575
3620
61
4811
6413
8068
2403
6118
2059
5581
8988
2233
8256
7997
6508
1117
3175
8320
44
5234
3171
2012
8472
6563
8091
158
8567
5047
8372
2354
2807
489
9561
31
1284
4074
9862
2867
5162
5903
2856
1902
7679
9156
623
3039
8794
9893
2165
3718
1306
3821
8245
3719
9507
7886
6534
8296
6223
4998
321
8140
523
4828
9921
6016
6268
2225
8422
4379
1204
7534
2417
1707
7354
9835
3970
7893
6093
4977
2234
609
5488
5158
1843
5250
3214
5765
500
792
5707
8211
14
2707
3061
4562
3453
1920
9621
922
6060
5752
2248
1723
9091
2730
1766
6357
3851
8250
8243
2886
7854
2130
7459
996
6243
2327
4137
7790
9413
1273
7351
5536
2099
2617
4902
74
125
6514
6370
2238
8452
1015
9076
2306
8232
5616
7252
9340
1130
560
2313
3016
6372
2096
1362
5519
9671
9589
1765
4974
3477
5090
1984
9930
4844
9789
2712
6489
617
4626
7792
5817
9592
4275
1419
9965
7876
4674
6685
8217
6723
4348
629
4494
1815
8877
2692
8746
9166
6032
6672
1722
5601
6325
1136
2996
1121
58
9604
6770
6374
7264
9745
8534
905
1403
354
8447
6914
1131
5927
4019
8831
7029
1286
5520
1184
1778
2878
2445
5942
2946
9160
8302
5825
7286
9743
4015
1895
4246
1909
7317
2154
4246
3499
6650
2855
4222
3194
3286
5762
8882
2789
4657
2680
1222
1166
5216
3256
9911
6362
8538
3245
4361
402
5820
8239
519
1351
1474
2210
1723
8443
6058
1078
9326
9064
474
9064
7198
883
3024
9542
2742
8482
2705
2753
4565
1459
7967
9882
3577
178
8
6718
9978
6085
3685
412
3298
5826
7105
9672
6474
2273
3048
2174
7819
1018
1518
2913
6631
7886
2929
3749
9201
1574
5687
7527
2028
5679
272
9782
8139
6035
4311
7264
617
2552
9581
5310
4637
9552
2417
5440
5658
4986
3565
434
6732
6845
2158
6662
2342
4584
1221
2428
9671
4443
8853
6713
729
178
86
4852
403
4894
9282
6401
6148
5443
1940
5727
4787
8141
7727
7710
680
3457
3702
9354
7387
7755
7789
3057
1864
2164
7786
8850
6241
2236
471
989
7248
7170
8665
8956
7489
4052
1543
4130
5937
842
4911
1201
7238
1637
3695
7701
749
9117
8468
5990
549
2023
1487
9442
7129
13
5404
8681
9929
4320
9602
4238
7440
244
4916
9225
8215
6716
7411
9292
1782
8913
5832
7444
3224
2219
5356
8144
8946
9718
2378
8501
4054
813
1164
4370
3661
5613
3463
5657
1433
8240
6389
8282
8754
2382
2240
9862
6968
4090
6309
2431
3355
50
5198
8264
8720
4411
8657
4262
787
3601
2553
6205
2938
6511
9227
6717
2264
6929
4184
9763
4383
6171
4838
120
5040
6478
7876
8433
86
9950
6669
1154
6139
3514
9135
9988
3949
7780
9483
7264
5289
6467
4315
2118
2058
3552
4739
7290
3209
7302
1339
7900
1094
3876
8100
1666
3870
8355
4752
4670
4729
7725
4345
7997
1867
8577
4368
8385
5381
2149
5197
327
8532
641
9280
8013
1223
1757
8073
2938
2929
2848
1475
7061
817
2161
6257
1983
6351
2283
5823
1771
262
79
3520
779
1465
8167
5694
8091
236
5294
8671
7083
9726
6842
5957
1962
2822
2154
8071
3168
3202
2341
7630
7
492
827
6603
2018
9437
8995
924
196
2128
992
113
5468
489
5008
5950
4536
3484
3155
4816
2606
9775
8447
2843
8387
1948
5314
1705
9251
2845
9613
5560
3441
7996
5130
6428
1841
745
6207
6113
3966
8227
334
7686
1543
7064
260
8488
8362
7352
2541
9622
6897
2337
8264
4017
609
9026
2181
6233
5836
1902
8444
2453
8675
7902
4730
8301
383
5869
1633
5514
9464
7792
952
5858
9851
2325
4671
2140
2349
3320
6330
1685
871
7397
7794
7236
5896
4941
7398
3858
5062
8333
9955
8155
4815
9725
5151
7854
7667
8198
8505
5667
6732
2766
8245
1206
2974
3354
2207
8692
842
6625
1180
6241
4846
7324
9003
4533
3015
8664
5143
8886
3167
7204
2497
8886
4424
8676
1734
4063
9547
1224
3588
2372
3271
1680
2250
677
8086
8623
6205
2858
1670
3265
7729
1703
9523
5439
8587
5311
2276
7377
7453
7382
9601
2377
4051
3466
1704
8914
6093
2034
4948
3362
7701
33
338
6026
2214
7497
2315
5931
8011
4742
573
9500
3305
8691
9480
7077
4740
1939
8082
9107
5057
9332
8637
697
7114
2030
3164
9299
5070
8285
5594
5260
8731
3507
1747
9141
3681
9576
606
2844
8122
4817
8125
3851
7127
1566
9152
3155
6421
7846
3983
7842
709
3301
3482
8686
6093
7256
797
1641
2188
8529
8253
9619
7152
2446
5167
7578
8070
420
6082
9634
9829
1392
9156
1606
8011
2464
1321
6234
5125
8120
217
1167
5012
3586
2888
1727
7201
8077
7755
1456
1608
7957
9467
3500
4045
8147
5919
4984
4752
2535
2903
4721
5363
582
4680
1821
4578
7827
8100
9084
9147
2602
3764
390
4752
9880
265
5758
846
5908
6517
1214
4585
4021
2794
3148
1610
2893
3280
8481
5634
3341
1629
2606
4533
8782
6316
6819
7956
7439
4421
5747
349
1480
893
3162
3727
9429
5292
1460
6523
3364
9571
6093
8422
1719
8537
1295
6190
1802
9275
7536
2240
3572
7085
4321
5871
7634
3210
4195
6984
5956
4022
5104
3431
3388
2213
8613
6078
1687
8024
944
211
5483
2582
2231
7922
1376
5987
6986
3783
7173
9980
5344
5285
8193
8713
356
272
1499
1463
1319
5922
6944
7931
6938
7696
6001
217
4972
2119
5478
5510
6943
4261
3444
65
7478
9350
8929
8158
7885
8064
5329
9321
2703
6761
9802
3444
6109
7142
7429
6052
2334
4651
9406
5453
500
1319
9126
9337
9698
6663
8652
900
4503
9791
788
3565
4647
6882
8709
9018
5093
899
5964
5370
4389
4516
4540
1051
9820
3035
7637
5256
7660
1380
6821
7658
5570
8112
306
8489
2106
9861
245
5058
5169
1576
2141
2326
7266
1561
8724
3233
462
5366
3990
9149
8036
9330
501
2016
3011
2797
4467
7576
5997
7853
8674
3365
6025
6797
2908
6120
8492
521
5134
672
3675
5447
4433
6463
7832
2757
8443
8400
6410
1269
3880
5921
5511
4501
8638
7888
3428
3212
7863
1164
8826
7050
4488
7631
5903
2767
6724
7763
9764
1947
1199
8868
7135
8174
619
2644
8560
2114
9079
9780
8234
3159
6517
8998
6792
7920
6170
4144
476
9140
5346
5742
7410
3396
362
2734
7964
2357
1063
6080
1564
266
8980
8317
6734
9867
5899
2253
4637
12
6373
7541
8926
848
8538
6031
6345
6656
2496
5554
3162
2161
4477
7029
2297
5465
7999
1663
4758
9613
349
3414
6898
5256
3832
6851
1912
8864
6440
2075
9973
4518
5876
6488
6486
2430
4177
7816
1998
4031
7596
4040
535
1720
7833
3664
5324
1182
6243
4100
2191
5557
2217
6837
1265
3679
589
5570
7058
9126
596
7458
5455
2845
732
8303
3738
9797
9617
9588
6324
9203
2945
9034
4622
8766
476
6630
4113
