1
8366
3929
6241
3213
622
125
2612
9660
7096
6938
2570
5957
9735
5205
831
5331
4031
8473
1193
6567
5621
7310
7819
4411
9416
1483
7576
2159
7398
8767
7445
6707
2064
5353
3304
222
8691
6941
8957
9360
1105
1456
7197
2453
2413
4028
7901
7496
4295
2419
1669
8865
5895
6339
1378
8753
6058
7304
8141
16
762
6567
2671
807
926
7457
7766
7724
4476
5019
2778
3478
540
228
6281
7098
2956
8262
8899
9539
4873
303
4262
5266
6197
6194
2405
808
839
874
6572
4618
1294
994
1341
8643
3964
9363
7294
945
9786
3932
4987
432
1260
4942
8942
9304
8738
8521
534
6175
5991
7558
7225
2978
7475
982
4391
1779
7478
710
5169
3367
4376
1502
3192
8138
1610
2678
2878
1169
649
2260
2007
7630
237
3467
1723
1712
496
698
9830
2111
89
7149
4248
9763
9588
9010
4857
9016
4405
1868
3590
1698
6255
3333
4611
4671
2919
2214
8686
5351
2318
8612
8437
6410
8379
1194
4075
427
2959
7613
2423
7602
261
1534
5565
4801
7562
5069
9274
2201
8837
8533
5574
4577
5930
420
8180
7891
5262
9196
4416
8240
6786
5150
2223
9466
5852
4873
6332
7771
7988
3161
3351
6514
1205
7135
1550
2063
355
5200
7477
2025
3344
9105
8170
490
9531
785
4715
1016
6526
6977
148
6994
2789
3617
2318
784
9900
8948
192
7520
209
8964
342
6872
2670
1290
8830
6176
2114
3980
2580
1373
4927
3784
3467
7941
7210
4438
7804
2645
9809
9251
3701
8304
8322
3862
8852
8068
5172
4402
1692
2654
5144
3523
9607
3924
5404
1726
8878
798
5931
4287
2396
9005
6585
4664
2823
4445
2524
3782
854
1061
620
766
484
8011
5644
4864
5798
7678
6538
85
6691
5595
9854
3865
4133
5691
9599
8516
9127
9481
111
9581
3348
5736
1392
8318
3591
8019
4318
6507
6629
1042
6573
536
5850
3222
8792
8260
6136
2058
4417
6562
8846
955
6066
9696
4470
1032
5841
8542
6564
9047
6925
8681
6888
3122
9066
882
8350
1182
1109
998
9290
3162
9587
7554
9950
6936
3587
4367
9519
9667
2596
2443
88
783
5810
53
2025
191
8556
2461
3842
5448
3871
3036
8415
4635
5045
5651
6630
7445
7976
4229
8936
5603
580
9004
5086
5157
146
710
2442
7412
8554
3225
3606
2301
9557
2448
4853
7862
1957
4166
7876
2144
7437
6501
8684
9350
2053
3161
9147
306
5939
2165
8649
8458
6673
978
5564
6515
7891
3045
903
5582
6282
2629
9321
8156
6849
4525
5944
8740
8491
2747
952
967
9358
7616
7729
8125
4179
3776
4525
4744
3847
2666
4029
539
878
1684
51
4387
3060
8888
5575
5275
1607
6439
1869
9159
9437
8206
4021
5580
9789
6959
4328
5493
5375
4378
1277
2282
3444
2781
8527
1215
2761
881
5241
8684
4303
7161
6422
1514
8712
3537
9467
8331
15
8836
1073
9532
6914
6347
6824
9755
109
2179
4338
6908
6497
1517
9663
4790
8879
7967
5784
2143
2841
7154
1550
9563
845
9492
9120
7120
7246
8598
8094
9767
6971
1241
4928
4651
4853
1880
6906
4309
2286
9874
996
2379
2760
274
9246
3944
8090
9718
4023
916
2729
7423
8369
3985
4388
7516
9005
6534
5401
3012
2138
2704
742
3650
5076
1290
5435
9470
9922
9517
6179
9559
9098
5925
9486
671
6325
9550
1336
3599
796
3381
1432
6118
6792
3704
8503
43
5712
3304
1771
6580
2620
5803
7723
8470
4785
367
592
9664
5418
939
9617
3266
1828
1782
6044
6291
3556
1604
8099
5448
2707
1837
2713
1563
5642
726
8640
1564
2499
3822
6815
5987
8562
3192
252
6863
9428
2184
7636
5541
128
9979
1849
2499
6859
274
7110
1554
8870
1477
6158
8958
7142
1528
1968
3878
6008
9116
6832
465
3604
4440
5364
3327
7153
6901
6938
7578
9462
4177
7396
1859
3757
6940
9488
7705
4957
6185
6423
1487
6882
5591
3158
5769
6498
9638
5616
5377
8289
9306
8884
9743
4100
1088
1633
7132
6417
1794
5482
8291
5905
1154
4851
6713
7280
6583
4959
231
1088
9624
3050
4005
2816
1607
684
8052
4910
6788
2982
3470
1729
4898
4079
212
2242
1395
6730
5893
379
2996
7998
9444
8316
8044
2269
5678
3727
6178
7449
6790
8015
9395
143
4683
8913
7101
835
3603
7480
1026
683
6060
6468
1972
7370
6223
4330
9310
8666
4088
6728
5832
8837
580
5272
5138
4836
8463
1477
6068
6351
6423
2407
8867
6199
4033
3354
751
5294
3425
2006
4322
9510
9450
8072
896
4076
3874
2054
2215
4864
708
6988
8251
4906
9185
7349
5835
8795
8061
47
2721
7213
9961
3442
4345
8819
7281
1669
6014
6900
1819
3209
1564
3816
8736
4583
628
7085
1719
2352
553
7169
279
9178
5765
8496
2022
2597
6885
2079
2400
8386
4288
185
1989
3905
5936
972
6636
660
7310
3724
8970
9465
2051
3399
713
6054
5524
6546
3990
9762
9937
9359
6392
2983
8872
2598
8971
4522
1134
7447
8490
5664
8658
965
5308
3801
918
9747
6073
4811
8704
5635
6036
2028
3488
7886
9273
6594
4649
2069
6300
1277
5778
7154
7723
7418
2998
8730
9365
2562
2767
8116
9078
4562
4019
4247
7901
6449
9612
7620
8604
5210
5085
3378
2739
6765
8476
3619
3303
8905
3574
7421
3863
3696
400
725
6563
993
919
7255
833
5067
5055
5901
1796
7066
1908
9671
2390
7093
3748
6211
6055
957
5852
143
7445
8380
3514
3042
7092
1328
8695
7723
2203
3480
2658
9705
9842
4384
7698
210
631
4777
595
1843
811
2756
2775
267
8005
3998
7338
2543
1341
3089
1090
5640
9760
7142
485
6580
3224
7379
4027
9149
370
9104
60
698
2653
5589
8117
6618
9483
6800
4057
9350
978
9595
4033
3400
5042
2063
42
7803
3241
990
258
2666
5613
8118
656
7029
7985
7795
522
1123
6649
5913
3384
7288
4281
7606
6605
322
7920
9091
7426
9826
4484
7226
619
4225
1829
8914
3036
8601
3673
1308
3366
6185
4845
2897
1169
6439
9256
5070
7867
1013
6776
3469
3800
2550
6722
8590
9672
298
5117
5432
7750
812
9
2756
8049
1627
4189
3518
7385
730
7472
9373
4657
4893
1298
3822
4036
5497
6922
498
8795
1334
4650
5414
2485
4061
5715
4524
841
3481
230
908
7379
6615
4364
9054
7976
6671
7400
7277
4910
5426
4660
3112
8792
5296
5404
714
7633
5416
5764
3718
5892
9440
5545
1816
2746
1407
4264
4382
8080
88
6236
9885
6714
1447
6653
5536
6244
3550
661
7638
1559
8128
5229
9463
9527
8276
9267
106
695
2315
867
4748
900
9722
1824
4025
4636
6194
8664
7796
3731
1439
6267
6493
9446
5057
4915
1458
3447
3031
4052
4193
3270
9737
6409
3294
898
8170
4259
6967
8808
4107
5513
8530
6529
8310
1154
2027
2076
4558
7026
5224
6944
278
2453
7600
307
868
5278
1709
7983
8403
8001
7287
4350
376
2449
8819
902
4339
1100
8935
3408
9882
1588
1971
757
265
7211
4298
2471
2174
304
614
8607
3600
7255
8291
5307
6608
3609
5099
1616
3922
5242
9114
8336
5650
6889
3510
7677
5238
2454
3039
3267
1793
2479
3484
3644
9277
2904
156
8834
1767
5818
6568
8780
7967
7307
9851
4482
7451
9664
5154
7527
5764
5282
7328
1366
5406
7335
4519
8187
4994
8008
4935
8495
9441
8473
5028
6632
9865
6078
4613
4398
3121
3282
2014
6624
7334
9752
237
7139
1646
3739
3401
872
5466
1361
1142
8051
4993
2739
7589
9400
2471
2069
628
7030
6756
4662
6649
4356
2073
7734
5735
9741
5588
3326
2365
2835
3372
1078
7061
9596
8653
5819
5165
1840
5876
9916
9933
9843
9019
3168
8471
1971
2851
3645
707
3635
1389
1338
3522
8950
8665
2737
4488
2406
3100
8525
2192
4574
8287
8461
3067
5430
9781
7231
7857
1210
9600
2546
4346
5901
7614
2085
6844
6424
1696
9034
7065
1387
6590
6898
5492
6850
4826
3033
7096
9012
1676
6922
382
2898
146
3596
4109
8220
1318
4791
1766
8406
9949
470
9898
6463
5192
1120
2725
1835
1531
6917
2137
5676
5595
3243
9113
8107
356
3357
9891
9884
9433
8056
7812
2695
695
9042
9632
6792
172
7458
3348
2054
4389
1494
3077
8717
1702
7350
5389
7009
907
5938
622
700
8513
3675
2192
8187
4370
9452
6672
6163
9098
1482
7511
5112
5686
7055
5647
2961
1996
5481
1019
3040
482
9473
9952
5165
6396
3068
4784
4168
5980
4799
3713
8452
1707
3302
828
2284
2493
8775
8554
9431
3014
7803
7324
2487
7696
927
212
1775
1835
2051
3447
64
4340
6273
7273
4496
4088
8066
5447
5127
4579
4843
5827
222
9680
1938
8955
2119
6559
3716
6321
3826
650
2191
5083
5784
1449
8825
1409
4263
7250
7452
340
7698
1569
6236
6074
4955
3907
4403
2919
9979
2780
5146
3832
588
9464
9499
379
5256
6807
7308
5284
666
8616
415
6269
4522
1641
128
7824
2675
3960
5711
5740
6946
714
3137
7779
210
567
3688
2665
8276
3979
99
8776
3909
7498
3910
3323
6901
6577
1440
2630
5562
3165
7363
4182
9205
3260
4265
1525
8228
3971
3747
3812
8295
9213
9657
2802
7722
8117
6848
1483
2710
462
9502
117
3321
9015
1497
7467
4210
9514
7569
7277
8044
5210
8072
2600
6257
4410
2054
3540
1350
6218
3023
7135
7274
1838
9335
1655
9616
6207
6407
1427
5294
7479
1150
2447
2229
9932
9898
3489
3100
9255
9935
2230
3673
7828
1249
954
5453
1630
9537
1836
4425
9691
3697
7495
2511
1643
1038
8547
6048
8846
1264
6219
6046
9816
5919
4726
8306
1226
3452
5104
7551
1634
1274
9430
8666
6274
5299
1988
9848
7721
4321
1797
7033
9078
1269
9173
6291
3415
5924
7491
1074
5661
3961
165
4169
868
5356
2008
9980
5825
1109
3608
1415
9376
1028
7112
7013
487
6850
1925
8213
2065
4414
9202
3701
2894
5736
4739
7608
9618
6899
905
1022
5657
467
9574
1731
4209
1765
9669
5433
7991
6825
4917
2721
9297
6060
9653
94
103
1778
3137
9961
3446
9565
5706
4141
4119
3238
3341
7729
8841
586
718
5357
3479
2447
6671
9852
7667
796
136
4095
5206
2463
9109
483
1998
3867
9933
8803
1965
8731
9307
2585
5377
5099
6817
5997
3331
212
1498
8242
6747
1784
1970
53
8168
2040
6015
7379
9894
6535
2116
637
2553
3195
2466
4005
4062
8294
4182
8161
129
5159
3097
1584
3918
8256
2372
91
4340
41
6388
1620
9517
435
8920
3461
4424
9135
3412
2071
9439
9088
2323
1463
9604
5401
2011
4692
2756
7742
9335
4442
8377
5832
6314
2900
8001
7030
9521
8160
2327
2202
1642
4274
9800
1080
3646
4679
6364
1144
7335
4283
6321
4670
9710
3709
9805
7071
2554
350
3222
5887
2890
4786
5226
3875
2576
7842
2251
1507
8200
3110
4475
3921
5633
2108
5158
4831
7149
4420
3780
5281
2838
3143
6101
8196
2194
6734
2359
702
6231
1998
8181
4889
5254
9321
1436
4282
2476
528
2306
7700
9113
1753
3102
4319
2268
8581
9017
3826
2959
8384
906
3332
7973
5235
6452
8363
5884
6114
6612
8705
4543
3172
123
1106
4603
5782
25
9952
1251
7806
2645
3890
4209
51
1302
1067
4280
5260
4108
8197
3235
3121
7668
8936
2702
5784
6237
5245
6814
137
8937
1296
2899
1732
6010
3307
4231
6632
8771
209
8947
1695
6905
9463
9663
867
1075
9532
9015
4876
8423
5527
7372
4408
3451
7358
320
2332
7074
375
5167
8797
2119
6905
7659
4171
4472
3386
2408
8676
5229
1826
3083
4309
704
6247
1349
4202
3963
4429
6730
6881
3652
2822
3100
8111
3356
7764
1364
924
7414
9335
2005
5288
7241
5071
5671
2418
5502
9572
4729
5185
4236
2555
3821
5294
6968
2351
2825
9940
4183
3973
1375
5509
6141
966
93
3559
6958
7997
35
4790
9110
6845
8501
0
8065
1846
6313
3146
2654
2144
8970
513
7923
7149
1629
1756
3747
8502
5807
3097
4266
6526
3893
326
329
1685
6068
9412
9572
1850
3110
5521
6490
4349
7659
7008
7922
7692
6038
9579
7743
1644
2442
7217
8223
5889
7446
695
4540
6884
3149
1561
3188
9750
8004
9290
4703
7014
5392
2028
6004
8848
1358
6759
7930
106
8553
3073
9094
7883
5409
5801
8039
9590
1842
5675
1885
5607
5351
3937
1118
2474
4322
6335
7007
2259
8501
4310
243
1257
183
6336
6819
6514
3460
370
9927
1772
3046
9130
4696
5408
8645
3556
5966
1687
5608
6206
7977
3215
7730
5563
8845
6884
3393
4287
1995
7764
2038
9296
1365
5449
3913
9200
7094
5154
2420
5133
3668
1494
5026
4286
3067
6366
5657
1563
1299
3541
8775
3690
7903
1729
2935
1841
4501
4692
9500
3388
276
1727
422
724
9377
4322
7514
5293
7684
5123
4484
7916
4106
3496
2129
2313
4650
7869
6595
7316
5861
8873
324
4685
7906
8791
5460
3662
6604
2287
9836
457
7959
514
6403
684
8417
5763
7981
5464
8976
6610
555
7363
1530
4164
9972
642
1379
8446
8884
1394
719
230
3037
7047
4083
7701
8598
1467
8233
9203
5123
1411
5773
3038
1967
2445
3906
2782
9475
7607
7153
1906
112
70
5638
4638
8878
1858
8562
937
6769
4267
5885
2201
5853
2050
9893
936
9612
2679
2348
1956
7592
4001
2203
4917
9127
8505
3494
7973
6924
31
2951
180
7618
9270
2109
5898
3106
7691
9267
7897
3352
5601
2510
7125
8720
9005
6166
6179
7401
1636
9615
385
1462
3062
9121
5119
3211
1152
508
476
2131
7327
2922
4761
1448
6016
1676
6351
2580
5516
1207
9495
5136
6068
7580
3308
9945
2378
3612
4844
2663
2024
8726
6490
5919
8254
9926
5115
8657
5516
9895
5441
2375
8741
3189
2904
5292
2858
1697
1922
7116
7340
6124
3918
9064
1650
1118
5734
6054
1410
7834
3101
565
1806
9225
5766
593
4307
175
531
7299
5132
6676
5990
1515
9039
5711
8074
2081
30
228
8636
3152
1302
1673
266
2062
445
5878
9279
4140
2235
6835
5400
5905
653
6823
1043
3536
3767
718
5292
9163
9990
6888
7679
3593
1880
7037
4714
400
4125
2597
7715
2976
5665
5809
3956
3080
1977
9543
4423
6720
2502
1029
498
781
9881
1229
8827
1704
2237
3336
8281
5758
7099
1033
5466
8938
5681
9573
5528
3401
9285
471
3155
6455
5309
3672
4620
7629
9000
9422
5463
9088
8492
5751
9986
4755
4874
6467
8131
3932
6124
8871
2482
5861
3534
26
3166
2771
1990
5336
1247
223
876
3436
1824
5261
727
6967
6509
4828
1805
9646
1226
9164
4734
6264
9311
7522
26
3699
1821
6413
2880
7866
6635
3815
2003
3642
5420
6305
6351
2213
2914
9906
1672
3061
6042
9605
9518
5854
1390
6941
5026
870
8283
9856
6133
5274
1301
4071
6163
6546
447
679
3748
3694
9384
317
8895
1462
2157
351
1680
2728
6654
7807
536
9478
8675
7458
382
3331
3946
1420
6950
2464
6659
3906
2580
2933
2195
2357
481
8916
8585
4076
9009
8197
5929
5706
4844
6321
5554
1421
4125
5294
949
4518
3603
447
718
6286
9613
2118
9681
5442
1319
7215
8049
1246
6074
9355
166
3461
8974
5319
3672
2745
5721
9821
7175
5762
7778
255
9500
332
1443
7976
6416
7280
7962
2934
1387
7276
95
4043
5314
2958
1640
8521
6530
8854
346
9623
6343
4262
1368
3692
7348
7102
7964
4246
1384
9989
8484
2951
1562
3310
3865
4752
8082
3897
7834
7182
702
2063
2792
1926
1685
4224
7989
92
1772
3103
2970
1299
8342
2598
8552
725
9289
9809
9588
7528
8322
2408
8656
2690
7444
5590
7466
4270
156
9159
3256
3279
4582
1962
749
3964
9154
7852
6321
8143
4753
4618
9988
4433
6288
4935
2509
9678
3549
6264
9453
1727
5915
4854
1458
9796
7951
7525
33
1110
3310
3750
1266
237
2425
9694
5579
614
5496
5343
273
6094
5973
5628
3028
4073
1340
6531
8748
704
7395
7569
9176
3045
9393
2756
4580
2584
8454
3183
9439
9541
4449
5669
9579
7560
7200
3614
6463
3982
6311
8132
5474
1767
6163
9821
8922
5277
6721
4105
1235
3675
2647
6014
3373
2460
2946
3440
5791
5807
849
1459
4506
9787
8991
4144
2769
9315
8038
4441
1638
9705
7916
7129
6350
7083
9501
4694
1824
620
1236
999
9828
3500
9514
3056
2405
8864
3870
6910
998
1602
8024
9668
8376
6777
5638
6050
958
710
5311
4488
2399
1334
2750
4759
5429
257
9324
6411
7833
206
5303
4847
202
7950
2933
9794
7620
4691
9222
9146
4803
2940
818
9660
4383
1414
3654
4822
986
7160
8230
9386
9585
7221
7273
9501
5150
501
6341
7154
2109
4173
9478
7741
6288
7979
1407
9949
9099
4057
4966
7890
3561
9570
7486
6412
4418
4330
2642
1873
105
5863
4926
2318
2579
9907
2365
2934
2171
5215
9345
4976
8494
7712
5477
8894
5200
547
8342
5345
5900
3395
7623
942
931
6468
5665
9141
9802
2146
4816
510
2149
9871
5040
741
799
7999
6230
9275
4170
9687
8426
6157
1628
8566
9705
9811
4667
3942
5888
3885
8800
4587
8428
6944
5939
4784
6828
4904
4653
6232
9776
2350
6226
4662
4811
5621
7694
561
9792
7420
9157
9292
688
53
1573
7047
9279
1950
2966
5600
1270
27
5543
599
9973
8681
3532
5291
3258
4697
1754
3971
1787
6235
7891
7214
4664
3159
7237
3997
4600
5484
7281
4185
8454
6457
927
8544
556
6891
1354
2431
5634
7771
8579
3617
5360
8861
7634
4328
7501
2068
924
2510
9553
9649
2834
7575
9298
9017
2919
1434
3224
7845
5131
6502
9987
5444
4448
8532
154
9000
8999
3642
5380
6126
5315
5684
9854
8415
6703
2251
4337
4212
9888
5027
8491
2633
3058
2937
273
5051
9245
4611
2159
4682
2548
57
2697
9730
1169
83
8482
599
409
6053
6001
7099
851
1828
5028
7283
1789
4380
5236
5578
7643
9490
5507
4204
5563
4206
1100
8536
5725
8260
7221
4018
1929
2537
8856
9525
9019
3872
5763
9627
5369
1924
8419
6166
3231
5705
5420
7706
7089
4443
5325
3973
331
9913
6272
1265
3524
5079
4825
3895
3370
6990
1454
6262
36
199
3813
9883
1944
692
561
9808
1369
9279
7829
5257
1183
7727
7677
17
3003
529
2852
9165
9605
119
4998
29
9978
3609
4122
6931
3689
4676
5523
1245
2298
5073
6703
561
9522
6463
803
3318
8535
4723
5029
8227
4366
5701
2210
934
1696
3529
1143
3987
3498
9999
6711
9928
3999
6285
3875
1550
176
6340
620
7768
9625
4651
3662
8367
9085
9737
7308
5952
7062
8768
263
8841
6113
7962
7340
4349
5146
8088
3073
7936
9796
4271
2028
32
9388
4598
6271
8993
2310
2539
3863
5636
7708
4090
3540
2018
338
1713
9812
4785
7149
3654
9559
1249
8672
9008
5955
4618
5707
6049
8020
3285
1903
3742
4434
7965
5846
4117
8388
9566
2049
6245
6192
205
8826
907
6114
9491
2477
8744
5490
8344
1423
3672
3562
2968
956
7634
4653
2355
9164
2403
1337
3680
7211
9064
53
1322
2662
6060
2276
6864
2821
2236
2779
9419
6158
2178
2800
7877
3809
7348
9986
9269
9877
7985
8878
354
8783
7569
5398
2721
290
3733
6307
5245
7972
6997
9928
1583
4890
1368
7553
4502
1020
8976
5916
3354
585
4233
9866
5733
3871
1716
936
9484
7300
5953
1909
6589
7621
608
9667
6215
900
9166
8612
186
4664
9167
4795
529
2036
7272
6489
5345
9999
3000
427
6255
9998
4855
4146
7941
8049
3725
3992
7858
3207
4950
5190
2152
7834
2250
5101
1966
413
3816
3290
2895
1859
3329
2355
9161
9233
6372
1596
3232
6566
5802
1561
1083
1105
7976
1251
3053
4696
5444
1351
375
4272
693
6228
7802
2422
9828
4658
3523
8902
4732
4204
8552
6598
7120
7054
9111
929
8205
5711
7211
9978
3216
5395
6548
3735
875
6285
3154
4755
4148
2776
2798
9261
58
8842
55
7270
3151
8260
7148
2656
9348
6001
4230
9254
4326
2357
6564
7065
3320
4589
8262
3433
7305
1733
6660
7650
3875
7053
6207
3872
9822
9127
5835
6460
6406
6994
9162
3889
7629
6946
2604
2235
6427
8574
2498
6903
3639
5523
8668
1756
9846
1991
8527
8066
740
9511
2759
1847
2543
9779
911
7023
5178
8380
2805
3611
7406
1138
9590
4661
9917
9518
6448
3024
9509
4030
7525
9196
9913
4879
2456
4477
2569
7267
3040
9442
3692
4689
8066
6366
2380
7316
4055
5624
8157
4159
9806
339
5355
7046
2996
584
6046
1698
7822
8294
2860
6147
3682
6724
7932
9597
6255
3738
4502
5449
3954
6551
3209
659
4716
6596
6027
9860
369
7158
6946
6753
8378
3088
9998
7154
3712
1513
2055
7774
6742
4757
9918
2341
6646
1889
8662
1971
3611
3273
957
9837
7270
3302
5106
1144
3306
85
2956
8162
4879
7290
7482
6652
671
2549
3857
4397
6715
8908
7131
4750
4892
621
4239
8127
7006
2275
8015
2189
9695
716
6119
7085
2067
2517
8351
5593
4931
5841
1671
9240
7761
4487
3464
563
7110
3595
47
8548
8115
1078
9241
8999
8914
6147
2949
4082
6363
6512
8106
5609
227
8785
2115
4792
2225
2425
1942
7089
5725
6144
4402
4597
1693
7138
8867
9940
6563
7711
2603
5053
8125
922
3265
5412
6198
6709
2683
5307
5935
2651
1015
2538
2889
8963
590
1587
662
5657
4302
2744
3907
849
4306
926
1709
3171
2942
2009
9004
7924
9297
6372
6546
6174
1636
9049
3174
8346
8041
3395
7662
9029
5049
503
1239
7681
6778
9722
6056
739
5155
6603
9315
4195
5160
3330
7554
2176
7736
3293
681
6237
6966
5818
741
2149
7467
9287
6102
5823
2531
886
7806
7641
3494
9027
1131
4998
6072
152
2076
6085
9916
5039
5454
4109
3564
1030
8535
20
8095
5636
1782
3561
9330
3888
6116
6988
196
6474
4363
3182
2014
8235
3058
8
5883
6909
9629
5782
3099
130
9110
6495
6574
4661
4032
4015
3630
5580
878
5968
4175
4732
6600
2143
7315
7111
9099
9397
3710
1076
6253
6805
657
3274
9140
5543
1752
1992
6421
3395
3292
3292
8493
2145
5078
2708
2003
7142
4189
1582
7576
2301
6457
1145
6200
503
1878
9377
2616
8895
6988
5332
7270
968
9375
3175
1909
2426
6898
3445
7740
5871
6961
2242
9237
86
9218
9952
1107
3325
8479
9893
749
6440
3248
3840
3583
862
9326
5779
4071
8561
7232
7399
908
5895
6783
8912
958
970
2144
6534
2775
4600
5866
3647
7258
8231
1015
6099
9913
8318
6351
3343
6492
5556
698
6206
1357
9073
9141
8951
5824
270
5501
8005
1944
8318
2639
2226
5723
9489
4594
9901
2590
5508
2290
5818
7106
1856
7603
7688
8359
5596
8958
4949
2233
3698
5305
4579
1896
7055
4298
7905
8171
2446
4848
9600
2236
4533
3792
5082
4088
2670
1394
5334
1538
2741
609
8802
6192
2591
612
8492
4790
665
5959
8621
6584
1408
8929
9271
12
7725
4094
9369
4820
298
955
8005
9006
5957
2633
1642
3480
2438
5993
50
1180
4841
1367
6968
1517
9914
8058
2417
5505
7865
5211
2381
1693
7841
6299
8095
8118
2426
9462
1625
874
8570
5265
6563
5636
7182
8037
2717
4483
1332
6903
1464
6698
3438
7847
4095
8902
5146
8721
8907
6793
9681
4971
4075
8102
5381
5022
2387
3894
864
801
847
3302
6785
619
2791
4959
6536
8815
2738
6934
8366
8955
4466
5813
4420
5141
961
4712
7945
9037
838
9477
8545
8589
9583
2096
6767
8096
5537
455
3533
8294
9939
3926
6985
9391
7526
5047
9134
9657
9216
8530
7403
7064
1199
199
1622
1728
5431
93
5299
2476
4923
5952
1148
1708
3536
5560
4705
8917
4008
9015
6654
4730
9872
4893
3979
4120
6582
7505
2440
9583
4702
5933
8026
2485
3331
9401
3005
3540
5041
7690
3023
1431
4609
9730
5242
1961
2524
8330
3993
8789
867
4052
9600
829
3523
6657
8083
650
4891
8261
4323
2888
1256
8366
8900
1575
6832
7250
9341
538
2094
883
9749
1602
5483
7478
8947
1167
814
3049
6135
6937
1806
980
4832
3062
2013
8456
371
3757
3165
856
3608
2590
7404
3728
3649
7051
9249
779
5388
5785
1238
5515
3424
8881
3164
3558
2561
29
8560
2516
6464
3010
3672
6306
330
3973
3543
1292
411
5293
7036
2237
3139
6376
7605
7186
9220
1751
9482
1641
3577
7013
9561
4116
303
8733
3713
7074
2864
5332
2516
9545
3759
2098
5486
305
4522
5005
4734
3407
6517
4813
8713
1045
5335
5052
4212
2286
6753
4893
59
20
194
703
9178
2635
6440
8088
6523
1406
9924
9639
9248
9316
2365
2239
1976
2178
3718
1815
4464
8265
8484
2714
1130
8410
243
3489
1934
4556
4953
836
1912
1053
4056
8649
2314
9669
1687
9719
9730
6253
6408
3489
851
4228
6812
4427
9597
7725
2042
2106
206
5027
2844
5868
4595
1239
6096
4068
4801
7606
5955
338
1649
3743
7701
7037
8899
8189
6186
9131
8105
2177
9382
94
3156
1253
8935
5124
5058
9505
3863
5940
6867
1531
597
5757
5943
8007
2373
2630
5628
1732
3698
4316
1337
2374
1062
8014
6651
9771
9363
3942
3458
7642
4624
2536
6449
1790
7490
1268
6345
9508
8725
8566
8122
9773
7466
9108
186
7051
5350
6924
7972
5024
4787
108
767
429
7652
3762
3664
1322
1420
5773
7539
8555
3424
3465
8678
4018
277
7786
6254
4314
8781
5740
258
3880
6636
1031
4660
7358
6162
7550
601
6964
1871
231
2238
7007
3247
3066
3499
4312
7336
4628
7437
304
1899
7296
1170
7750
8759
7600
8406
2766
8724
1548
8507
594
3998
645
5683
1856
1356
1411
4456
4533
9504
3639
7831
5734
7064
394
2768
6497
3351
5779
3481
2306
2792
4905
6843
1785
5176
4138
5780
6132
8217
8729
5884
2246
5894
9224
7695
3208
5948
7658
2109
813
2521
9487
9178
6185
5446
7460
1228
6155
5970
9156
9640
5042
9782
830
918
3763
2172
6344
1735
771
6828
1494
4528
2240
9363
823
4918
2100
8984
6137
9732
6091
6900
3388
9745
7797
8043
7305
4359
8807
3450
1226
6422
9600
4292
2963
4133
2519
4905
6190
3538
3302
1457
854
9540
3024
4881
5415
5499
8032
1589
8336
1558
1463
3139
6172
9606
6285
6491
862
8462
6452
9799
9378
6279
9718
4792
4750
8453
2936
5676
8680
8386
8265
6274
2435
5316
6575
1608
4530
8166
2612
7530
836
6840
4936
2119
5148
2713
2558
5596
6034
8241
9289
1268
8812
1501
6319
8610
9891
5289
3297
1041
4368
1933
8292
5142
6807
4388
7377
5134
9384
1376
5343
6271
1253
9320
33
3475
7863
6679
4137
7017
9262
6893
9953
5342
1922
4624
4560
6233
9531
6205
5141
1432
4359
9316
6771
6559
2302
8765
7893
7719
1518
4965
1918
8528
6687
9189
6896
6467
8361
5046
9067
5444
9601
8695
235
2242
178
1321
3367
8120
1964
6131
5613
3277
7826
8680
3010
1079
339
3766
6554
1037
5928
4296
5009
4325
4671
7548
5889
3345
5943
2068
2338
7283
5288
4091
319
8911
8513
5812
7480
4004
4823
9082
2322
3619
2013
7203
9909
1254
3243
4358
8226
1426
6706
6918
7556
3557
6619
3375
3704
5225
6428
9979
4797
1834
2817
7285
504
5514
2209
8757
1989
4701
9785
6363
692
7234
4752
9621
4117
4055
4572
3998
7199
7626
5169
1705
8563
9038
3767
2982
1960
450
5910
8774
4566
4977
8513
6320
5437
4427
6280
7661
9382
6414
9764
7288
3816
6252
9469
9256
8706
5813
1933
5968
2659
1025
499
516
1384
2062
5628
1987
8310
5464
7023
8481
958
5350
2601
5675
837
1738
7357
9772
9079
7543
8606
2389
4807
2274
2690
1537
8334
9647
2310
7214
6667
8404
2873
2338
4517
462
935
9767
43
8181
7695
3938
891
3033
5777
1346
2729
1232
8072
7481
9477
7991
3291
9132
1656
993
4061
30
6910
5392
9884
4680
4640
7182
9100
9943
4893
9162
1089
6427
190
3853
2409
2069
7807
729
8286
8439
9168
895
3945
6226
2492
967
8630
127
4584
9313
8846
4959
7762
2037
6354
4153
8330
3157
756
9034
3671
3235
6107
2261
6125
3439
5966
1656
3086
7444
1488
1254
4468
1901
2767
4887
596
7299
4457
3843
5892
4965
2945
4235
6302
2653
3763
1596
1298
751
4818
9895
4524
3461
3068
9716
666
4475
9742
5620
9963
4671
1937
5876
5934
107
6484
8692
6360
2234
5333
7819
2321
8632
400
6980
5191
1825
9813
6985
6897
5759
6800
1545
4432
4383
7062
7854
5687
4442
448
5790
9944
5070
7945
5258
3087
52
5587
4613
4498
4749
2739
4379
9898
8562
3407
9552
2007
5584
5698
651
8748
585
6385
8385
6975
4864
4635
9312
8211
6637
1392
183
1719
3651
8662
6817
9394
1446
5987
9268
6402
9355
9772
8844
1297
7690
4823
4070
9411
3838
6416
2115
3721
1993
5565
9351
8121
1141
9738
9771
9022
8540
6234
2779
2585
1454
5643
2514
6495
8166
8410
9323
7189
408
8350
243
5687
3261
3180
9442
7810
5305
3598
1426
7411
1347
9268
9562
4517
2386
2175
9916
3764
2685
5251
5794
2353
1733
6924
1446
934
9750
275
4387
5236
8909
8898
4530
1088
8939
188
4887
527
4945
826
3002
2116
7357
8500
4472
4285
8761
8546
9896
6545
27
4094
4456
9772
8635
3590
4932
3386
5390
83
2421
4229
1817
2556
294
9223
9438
753
5962
1464
3888
1458
1961
7320
1323
5978
6519
306
1971
5701
6291
6043
5813
5047
4283
1441
8383
8852
4103
385
431
4298
7631
7694
3850
5868
6971
2873
7632
5479
3088
5270
1871
8950
2967
2665
4879
4260
4279
6015
8325
6681
1574
4107
7952
790
856
3225
2957
9616
9989
8554
5357
6733
872
6048
1799
7985
5559
5732
4179
5685
2575
6
2163
9677
1563
3436
238
6387
4110
3692
4294
9169
6071
6861
7881
656
2094
4172
6278
557
6105
1333
7292
439
2545
6133
1325
358
1831
4754
9639
908
145
2311
9004
8256
8010
8535
2932
9012
4308
5252
4560
6436
2429
8307
3936
9390
3030
2929
2886
689
3542
8206
3993
2082
8003
3258
6274
8940
2046
5016
9091
8919
6963
5068
7533
5368
3625
961
7062
8038
1757
5538
2583
788
2575
6430
7222
8413
3089
6656
9125
2441
8553
6431
339
8834
5446
5745
480
8877
1164
7064
9257
8226
8156
7572
6216
8081
9617
790
3039
6751
1074
8107
3648
9514
7177
1801
9980
9578
5859
2447
6820
3226
2641
5270
7334
7755
6325
1963
2071
1712
3558
6768
8116
3091
3842
8191
1786
2671
8431
649
7829
6458
6267
3527
428
3332
7616
8681
6457
1429
1369
1241
9465
9513
5147
2714
3591
7679
8239
9875
278
5077
6225
7679
7026
1034
2655
9539
6666
9946
7578
3701
7696
9615
4880
164
1038
7339
436
8622
6278
7966
864
4239
900
3404
8338
4714
9335
3598
340
9074
4740
4894
4502
5878
5343
2846
7770
6135
8909
3065
5977
4118
3446
5470
4644
7476
9592
4454
4318
6574
308
9899
4081
1822
6493
1699
4997
6909
2893
3546
1228
5329
7311
68
278
7334
7538
5097
5428
4575
4621
7866
2794
62
8175
8191
2630
1802
9260
1371
9538
9486
9031
8410
9021
4965
6825
7474
8505
8854
9686
7987
9356
7622
6366
9689
2705
7752
2820
5148
5962
6193
2899
5682
8776
9164
7506
7507
6898
4651
7826
6999
9928
7410
3409
1415
4230
9155
3867
4153
5436
750
3730
1694
5927
7689
3609
2727
1414
4933
7251
8657
7324
2232
3260
8667
94
6500
2341
1835
645
3499
5740
3416
7345
7106
8259
2319
3571
805
9666
2075
641
2668
1621
8140
299
2066
3378
229
2224
3621
8368
9593
1105
1504
5575
7617
4676
5073
4099
3922
8861
5075
6679
9313
8626
8144
8119
1280
3498
6171
7521
7574
4835
6286
9039
6380
7878
6624
4454
15
5361
2862
2301
2744
1066
562
2497
2293
1047
8788
2465
8977
7473
1153
605
5942
5058
1507
5615
8969
2834
2768
5672
4544
4688
9108
9733
434
525
3613
4365
3880
6162
5854
3392
8724
4163
6364
4394
4243
9667
7933
5630
5305
4999
6845
9315
5562
4338
697
2335
2823
5047
3286
3476
8516
5411
1199
7021
1174
9454
1202
6195
7286
8297
2302
6315
1488
4069
1435
6782
2123
6771
7156
3036
7441
6699
1388
4504
2387
5033
5335
2194
5815
3022
2005
91
3228
5843
4411
7784
711
632
5523
7888
1561
9475
3271
695
8339
7200
1539
257
9522
701
5946
623
1789
1224
1440
8319
6036
3549
7269
7306
7705
6340
3713
5656
9699
6042
4114
8955
9273
2681
5206
4058
8600
9661
8539
8225
2436
1244
5843
2923
5281
750
1608
8570
4751
9764
6867
6415
7476
3589
9173
6349
8805
1051
5122
4975
7799
7370
3418
6520
4596
7275
8426
291
8054
1789
6454
2289
7807
6183
9581
5328
6319
8497
4744
1541
3367
7704
9038
3514
7471
8118
5652
5439
6236
1949
8779
3697
324
5081
9910
7008
3807
2045
2441
9958
7037
4970
6282
77
6857
7818
9220
7892
2950
1643
7231
1429
8447
8771
1610
1459
7529
3825
6849
1499
2690
7351
9491
6998
9566
3410
4876
1484
7807
5976
5634
3515
2316
211
3064
7207
380
3799
132
843
6712
356
2697
2596
205
1682
3825
9773
3351
8086
4542
8122
7687
6367
3233
762
6386
3163
5035
2047
8159
7308
2052
314
5010
8625
4970
4844
63
2143
6752
6643
683
6099
9505
9626
6397
9300
6299
8714
777
8428
754
3948
1338
8682
8566
5265
1786
1801
6761
824
6468
3936
8451
2908
7790
2142
3148
9319
3504
2267
5247
4924
2307
2977
6227
7561
2952
281
9310
4832
4231
4491
8851
3527
603
6825
558
1352
983
6027
2817
1458
6272
6315
3833
3859
4573
6727
4085
4244
1714
8509
8685
9919
8716
1568
9623
4646
7110
3223
3596
9025
7673
2491
7150
692
8048
947
7192
9126
9977
6880
1582
3110
7421
2852
1489
5042
2721
8089
4454
5139
9133
6153
4698
391
4550
5264
5121
7579
3053
3321
3637
7099
8042
2182
5020
4427
3112
6099
8288
9120
4631
7317
8778
6950
2965
7813
3540
9454
7739
9892
8470
6545
6135
9956
5647
2068
2281
9112
9796
9250
46
1513
3453
2818
1205
6320
1485
7235
5859
2001
6918
5988
2232
2305
1700
5147
8538
1722
7978
5521
469
4476
7743
1644
4041
5175
1291
2573
5037
1144
7845
8985
3063
6131
4894
3470
405
2627
6331
6009
3243
5325
3318
4681
5576
1404
5944
2371
4244
4259
8206
3901
6790
6059
3634
4382
2627
1089
3952
8855
1919
6223
8570
5293
5931
7056
8427
7913
7208
8250
3704
5399
7865
4464
1311
9129
9530
3861
4637
9782
9037
9665
5079
6795
9816
6460
2103
4081
135
7025
6178
7123
5830
2374
6854
1109
6958
2360
6431
7141
4949
6730
8220
3683
9234
6812
7216
3426
109
6193
161
1524
7613
4636
1449
9752
4589
3304
1069
2567
5780
886
915
5274
3791
9628
6138
1535
7071
7467
8987
7334
4678
7457
3563
1136
7526
8537
1268
5508
6048
2278
8388
3722
9789
8730
9198
5975
5283
741
260
3782
4765
173
4167
7829
9767
1357
3903
4092
448
6792
2169
5419
3613
7641
3591
898
9845
6856
1534
3336
2873
5939
5403
5974
2390
7261
8788
3127
4894
2654
3564
5906
5784
5514
167
3360
9990
8109
9648
1454
7658
7901
8834
7125
6082
6769
5940
2344
8982
4812
327
3579
9474
6037
6736
5345
3635
6707
1295
2641
7442
8375
3889
5976
1039
6686
9039
4427
778
3953
5366
6700
1289
8155
1914
7537
6970
3570
8125
6953
4674
8548
3125
2792
7179
4055
9088
2862
18
2602
2955
1522
2668
896
511
7005
8744
1143
6965
3
8858
5310
8524
1055
4090
3864
207
4158
7671
5479
6147
6677
7366
7083
9983
1103
1322
4188
4563
2510
5696
9943
2201
6658
3228
7586
8931
7602
8138
5038
8854
413
4191
2295
7542
4135
9598
1936
6667
2463
4530
598
5595
4811
4466
4589
9452
8389
5320
5930
7392
2721
4374
6088
9207
1623
4394
3396
3225
4088
6991
6752
3505
4760
5291
2552
9770
6690
5279
4027
9199
3953
9795
2159
5248
9359
9113
5162
4995
2962
7242
9161
3163
374
3688
6153
7927
5986
6251
6580
901
5120
1621
2919
1272
858
7051
7594
1969
5848
8160
3193
3942
6715
5060
5490
3179
8907
1427
103
3902
2747
8881
1737
554
7284
2089
920
638
7118
8389
6903
251
8805
9395
6949
4234
7665
1060
1643
3287
2861
2965
3039
1069
8480
7214
7472
5361
992
2276
7689
8705
8968
7330
9576
5554
9200
8231
7231
4979
4496
7108
6357
203
2326
3744
55
8857
215
8430
2961
740
3349
2748
9368
3071
2174
6889
8508
6769
2968
9534
5450
1096
2326
9050
9248
8197
7298
2853
889
3493
6513
5110
2369
2679
4051
1675
4779
1164
7046
5116
7695
7186
41
2028
4337
5554
3981
9408
6983
4982
5377
6838
4945
8344
1681
6446
3060
1790
2173
3165
2064
5668
9780
3698
3521
7442
8162
3772
1014
4396
136
9739
6211
1810
8024
2428
3099
524
3894
8228
6224
6289
7818
4851
9036
2207
5236
6935
6646
4638
337
9731
3184
2478
937
7474
7756
9456
1769
6716
4536
9182
7333
3908
1932
3098
2482
802
2962
2181
8777
894
3971
4290
7316
5022
1666
351
4215
4523
9055
4275
3210
5858
9344
3424
960
1533
3096
8736
4531
8288
8022
6206
7286
5041
2680
4314
8945
9878
5032
5213
7918
7478
4331
1002
9194
5842
129
266
9049
3874
5337
4195
8616
9477
1203
6075
1964
1165
852
2700
772
4880
4580
1367
6875
1691
4507
1486
6028
1385
8369
5582
1084
1535
2246
461
435
1608
9852
5680
8055
6882
1633
3075
4774
7526
384
8109
6510
4049
1338
1028
4106
1506
3773
3452
1149
1364
8038
3876
681
1695
6633
3815
9085
3544
455
4826
5560
3679
1666
5478
8617
1746
2762
6509
6799
2841
7372
1853
9417
4950
2083
3010
4551
4314
145
4297
5749
842
7308
6963
5928
9953
7239
801
6822
6856
8956
2983
4989
4240
1584
5115
869
4540
2309
1230
5687
3537
1922
1328
2060
2920
8545
7401
8148
5589
4244
1456
1846
9011
1099
7921
1114
8712
3002
6076
8849
6144
6970
1646
5916
2558
3072
535
3877
3286
5212
1848
9816
4890
5951
1782
9184
990
7323
4777
9084
1270
6153
3365
3572
2172
6778
3597
4648
7071
6294
8615
7429
8350
7404
8964
5675
3743
1832
4583
4319
4526
2851
67
8938
3729
8943
1742
8209
8372
1872
2387
4310
954
1507
7009
7947
1876
6635
990
9248
6307
5687
126
3088
6129
3811
623
7613
9
3069
5926
7669
2397
637
6424
674
5312
5849
7544
1034
5152
710
1504
657
412
26
8090
7318
5237
6722
228
9685
8010
5108
837
7675
3800
9856
8450
9451
4433
1273
465
1875
196
8096
4511
9504
2720
7485
382
8345
9492
8141
7283
4459
6590
6538
3688
4282
7756
8188
51
3025
4718
5490
7792
9916
5789
1281
1514
4164
7214
2489
5253
3544
4461
1461
7705
8268
8733
3437
5846
6422
7323
7456
1110
3670
5129
4502
7431
9125
8649
1121
5782
1377
3053
8920
5637
3472
7582
359
9734
3341
4432
9097
4909
6624
1538
8758
8399
2154
223
7456
5960
6448
4544
6657
5460
2483
367
2035
7161
9751
8661
883
9813
7133
9354
5289
9913
7496
9167
2869
9977
3059
9311
7084
539
3582
6654
7394
9727
5196
5030
5362
3731
6309
1721
6660
1248
8451
7852
441
5098
4113
395
6947
4578
718
7813
1445
2848
9689
984
7548
4667
2251
5976
5824
1144
9090
5492
4245
9795
9266
1355
5442
181
4908
1279
2018
7680
2103
9350
5228
508
5143
1128
4238
8036
825
1108
2842
1646
1855
2372
8061
2886
3574
5713
345
7545
6201
8257
8244
8407
5569
9639
1353
3895
8968
7208
4122
4613
9068
359
9643
4866
8190
8142
6971
1646
7169
3541
7689
9282
7961
2515
7461
3976
6781
5732
6115
8790
5037
6257
5468
6296
8638
6952
7522
3057
2338
7249
6927
7403
4689
114
690
9526
944
6535
4983
846
5724
6670
3604
7786
4692
3892
5152
3645
4586
421
6308
1079
3967
967
6729
6852
2827
3874
7044
9994
7801
7603
5154
4260
1146
4096
7659
5885
5872
9553
2579
8034
6471
7444
6759
4041
4506
8221
6353
2570
1037
5109
1585
9172
3289
5607
7658
350
1304
3882
2083
8218
1382
119
5008
6103
7070
9050
3151
8047
5149
1409
9864
8045
3641
8839
3538
8072
1195
4908
4059
7500
2384
2329
2369
311
1413
9212
1293
678
7547
5235
6775
1961
9151
1995
7391
8911
9671
483
6602
7995
8089
2602
6583
6127
8458
2991
4678
3833
7935
1993
3506
4859
445
571
3616
632
3540
3204
3171
4567
9339
5356
2626
8225
6533
7978
3614
8580
9347
2683
310
3249
1077
7744
8461
8426
4385
6834
1928
2503
7850
9601
9133
6850
8482
5546
2097
4084
2846
464
8912
3318
5259
7720
6413
1315
112
5054
3608
8273
6810
1227
7961
7038
1
5880
6036
4955
4867
231
7194
8277
7063
5883
4043
60
9563
3946
6168
3842
4164
6905
4309
7031
3678
1239
585
9885
1941
9654
6641
8275
2704
7986
5650
964
5182
3311
6000
5083
3576
6610
4192
6653
256
5470
1970
6561
7434
9702
8047
6227
164
5547
7913
1334
4256
2142
6162
6476
6344
7343
4528
8345
9722
8639
5413
169
8809
8914
5039
5506
7155
6101
2597
5225
8724
415
1739
7515
9890
2745
8591
7117
33
3083
6126
6612
1929
8366
8136
9559
9228
5025
7344
2574
7226
2684
1246
999
4867
1968
6165
728
460
1168
4694
6975
935
3642
4228
9277
4641
263
4569
868
662
8956
783
9733
3410
6436
3373
8076
9885
5634
1638
6734
8367
5944
7636
1171
1570
2475
7559
6039
4307
4744
4529
6065
5583
4896
1834
1999
7685
467
8440
1726
322
6930
9244
8280
6179
853
1010
8478
5300
5334
1144
8132
9703
5577
582
2440
6293
3979
3907
2996
5715
867
9556
6124
7148
9187
435
734
4170
8844
626
7745
4851
9164
6981
7277
9980
5977
5359
4271
6960
3216
9998
7966
3321
7590
1121
5764
3004
8893
238
7397
651
7815
4794
1043
3949
7735
3849
9038
1773
6919
4287
7204
6330
2779
2665
8417
812
410
1306
8053
158
3496
8444
6177
1451
6844
1358
8971
2196
6319
8263
9765
9272
3739
9470
8262
8704
1424
804
5073
6560
3517
2600
7520
4269
8936
5755
1795
7428
3886
2209
6057
5801
210
1056
8801
3590
9566
2985
6922
3315
2369
5210
8320
3670
4799
6176
4565
1585
6745
4393
214
1363
8522
8531
6667
9286
4407
6583
129
322
6650
303
5190
4715
4416
7441
7825
6118
8360
8310
4183
9696
2990
5164
4465
8119
5798
2514
4372
5774
4244
4043
150
6641
9133
7112
7091
9290
5645
8947
5496
3230
1348
9597
2578
4452
3883
5460
3540
4420
9712
3782
182
5994
9286
2906
756
1815
3319
5248
521
5522
9466
9977
8485
3856
8628
214
2124
8163
5358
5194
8557
7121
7408
1274
7601
8601
5299
6936
9394
7501
4007
6015
6886
8113
5337
249
1389
4121
1357
6958
7573
6704
6411
173
2849
1340
7623
3827
4904
6941
1580
3813
285
6690
7924
1595
6441
8586
8957
5870
9345
5110
8032
316
8958
5639
8524
4874
5173
2315
9454
5185
7588
9874
3471
9830
3493
2661
7830
7830
9787
7494
9244
9515
6195
9354
9047
2296
9117
7982
5963
9152
7715
7354
9990
1709
6426
6774
2353
1675
1010
1828
3336
4085
8430
5826
1883
3332
4399
7498
8319
8271
6266
8710
4258
5831
3070
6748
1861
3489
9029
9315
7924
9772
1544
6824
7006
8458
9851
5763
1772
6588
5874
8993
8045
8577
4547
3646
6678
8707
6878
5005
4275
2140
5386
5178
69
190
8195
8714
6775
9064
4999
3372
9151
2540
5444
3206
5141
8096
7990
2832
997
2935
5289
6287
3577
995
269
1273
122
4595
5679
9682
8262
4645
8659
8365
6742
1514
1078
9800
404
4587
5812
1005
1356
2289
8951
407
1901
5950
7966
6611
3836
259
6307
77
3014
239
5595
8550
7669
9705
7588
9747
3979
8985
9481
301
2530
305
7685
8250
4956
7704
7254
7441
845
4596
6377
6169
1242
6163
7927
9073
6506
5665
2989
860
3158
3424
4486
2788
6405
4784
2536
7997
2519
8631
7049
9759
7948
1227
7165
7503
113
1035
1658
9086
8221
8991
9170
4193
1087
5225
2221
2965
2960
7652
4381
6012
7669
29
5655
6815
5996
7073
7198
5188
1134
2095
2774
939
2341
8201
1079
181
7421
7583
9943
2831
577
4672
760
8753
3329
7991
9054
1734
2706
2459
4991
5028
2699
8552
5861
9540
2136
7278
1098
5897
4489
210
9201
4648
2961
1990
5131
4592
7170
8627
6151
7864
6194
8714
3916
1819
6347
6214
662
1965
1130
2894
7772
7272
5025
5656
5695
9002
2495
9026
5214
6890
8426
5905
1422
1979
6536
286
3392
3712
7783
4127
4496
9970
1740
6788
600
2675
11
9567
5971
8309
2322
9681
9599
2213
2685
7820
7875
7934
5163
830
3080
7998
6222
6475
992
499
3344
301
5033
6691
7696
5619
8898
8339
1966
6368
4321
39
3192
9165
5771
915
4393
5290
9245
2175
8110
5492
8033
1815
9601
555
4392
5479
7346
8365
2347
2925
3786
3849
3550
2840
9748
1625
5027
4878
1904
2447
4984
6678
3776
3598
375
5366
7299
279
7861
7581
3766
9736
8012
9426
86
2377
1106
7893
8725
4439
1720
8308
7455
4941
8494
8127
8061
5542
4843
6011
1564
5749
6250
6534
1169
7448
9786
5102
3165
2131
1955
4693
281
1387
1652
5911
1658
6245
6047
4466
8499
3757
8555
5715
4713
9868
9701
4172
7429
6050
3640
6988
3129
3443
5385
4337
1310
2323
6368
6359
9104
6594
8873
5862
7082
2696
3084
8331
8570
9850
4011
5962
2282
3851
9423
408
757
9791
4017
9740
5198
10
9582
8695
656
2353
5613
7728
4177
374
5
5599
2545
1513
4771
2266
5532
1483
7516
3720
5233
3081
5368
8053
1922
5500
4440
2530
2197
5828
4532
4735
5655
7866
5748
6953
2271
4676
975
1875
3804
325
5774
9440
9047
3176
5100
9159
4565
7788
4533
9642
9662
4992
2164
7185
6761
6
6183
8283
6127
6642
2301
6696
6912
1541
4671
4333
4868
6190
3677
6596
781
6001
4105
7088
2628
5144
7581
3613
8815
3021
3878
7249
9426
3264
6728
8951
7393
8970
1103
3611
1696
8530
579
9790
288
4843
5381
4458
1303
6969
3944
5974
7271
7345
3450
5271
8587
9594
7683
4762
9258
1612
3750
6836
96
6167
2773
8956
1927
6562
3445
381
4178
8008
1547
6303
2197
6361
2944
8810
94
4594
2377
480
4517
3953
5451
5666
8820
1158
6604
6546
6343
5159
1593
5899
6187
7024
8999
6189
4743
4306
1662
5066
1549
6904
5540
641
8532
4869
503
6037
7620
9870
4804
1589
2855
1092
2599
4835
9649
3253
1751
2957
5627
9084
7386
9691
4611
1174
5199
8892
7756
8347
7329
9925
3559
9940
2776
5818
1548
7222
3820
3761
2812
5034
9632
8901
4216
8229
8409
6657
2143
6928
9711
5782
5909
1780
9434
4277
623
5432
861
2928
4172
9230
6564
6687
3300
4823
7586
2454
9249
8761
8318
2881
4358
4474
7706
9759
7145
57
80
7255
4936
2198
1737
4845
9868
6260
2661
2096
6264
56
6272
2650
4749
4175
3938
2728
1280
4835
5140
264
7270
6211
8619
4386
392
7934
4655
1369
4306
17
3662
2430
9555
1880
1725
755
7195
4309
9400
9
1315
3209
6119
4272
6558
1852
8898
9759
1999
3915
676
2061
3266
3081
588
8654
701
6232
5752
5419
2490
6326
1723
7597
8238
7936
6690
147
228
3135
2683
9865
6738
7918
5598
1735
4241
9657
4676
5003
3015
4253
1231
241
3793
7565
5873
7264
1412
9474
3265
5199
5129
503
3516
207
4260
303
9746
3428
2087
4520
2033
1551
628
1543
9012
5081
3771
3487
9710
4877
6522
6373
9867
5781
3694
2944
8946
7301
2197
7763
6309
5216
7305
8391
7642
4689
4750
8241
5585
5022
7309
6468
1755
8550
6658
7736
877
1317
8714
14
1556
1177
3420
1726
2400
9735
7985
482
6641
8163
5967
4414
3202
3321
3255
3688
7218
9875
6019
4162
8454
6110
4985
7356
1726
6000
5026
902
9526
7786
8985
1464
3310
9754
9883
7772
6629
7226
6236
4834
202
866
1070
1668
6317
5318
6389
3965
7545
8934
1379
9972
2635
9878
4388
2586
689
1250
5903
3169
3211
8038
2113
2890
2516
1702
6441
5573
4064
3939
9462
1936
9817
9854
5987
8900
9437
2093
1792
9198
6267
1803
1465
5910
5425
9261
3117
3734
2039
6913
5380
3842
8709
198
6993
1945
2590
7034
9543
9877
4156
5117
9502
9415
1663
7301
6530
3339
7606
9226
1238
2791
6047
118
7059
1882
2610
7184
7723
201
2119
6428
3917
1374
2421
7832
153
1164
6729
869
5633
1709
1022
7056
905
9483
7446
9923
5543
3275
9486
9115
699
5098
9725
4648
4412
1303
6447
9310
6851
3361
1009
2112
7285
7823
3980
3322
4513
2730
4333
2108
7723
3458
2678
1096
5317
4344
6442
8279
5091
3776
2207
5591
353
9456
7987
5225
3065
7432
6140
9281
6871
3218
5816
5720
22
5817
2353
3731
639
5761
9916
4621
4465
6463
2763
118
8366
4084
36
8583
1164
4899
8722
1041
7097
704
9530
3175
6173
2210
824
6465
10
7548
6465
1500
1371
8019
4444
9171
509
6074
4527
924
1721
1103
4774
7537
9041
7083
8768
7007
874
2399
7662
6022
9555
6208
3732
6250
3324
7602
5036
6198
4996
3554
3993
1750
3734
9085
6198
3678
3770
8468
9661
8363
6638
9384
8786
8795
1586
2907
1870
6488
2149
952
5688
1387
5587
9391
5811
6063
5866
9428
6699
2528
180
2017
1338
4875
3615
133
6204
8575
6497
1497
3678
7798
4219
28
687
5359
9876
7712
9306
6038
5932
9857
2343
2899
2299
5758
4498
8012
4726
3707
7597
3462
9184
3945
6628
5942
5070
5700
1799
8344
2456
4744
719
4778
6395
6058
3903
1211
4307
2145
6317
2545
878
1255
7409
8352
8555
1416
2198
3720
732
5491
6357
8706
9025
9722
8975
9739
5653
3210
7673
8996
6861
8598
2121
3229
3599
4892
3631
1842
1179
1742
459
5084
552
842
757
7189
9984
4104
7658
5963
7438
205
3925
9911
757
761
6766
6330
4863
4931
6967
8937
2634
6532
333
1635
8835
921
3561
5750
4581
9829
1147
1724
3125
1078
4703
2623
6490
6719
1133
6098
6444
7484
1545
3420
2600
3653
8452
9112
5094
2445
4885
2340
9164
9870
5333
1713
4254
608
5110
8433
776
2925
1692
8830
3572
6904
8862
6255
2265
3337
2054
4004
5218
7513
1236
5508
5580
6818
5839
5373
5077
3605
4790
5014
3571
5073
3544
9605
224
68
9147
8878
5086
8639
3844
2874
8369
3952
7497
5192
8295
7743
9188
502
7421
9859
8777
126
1662
9654
9884
9347
5831
2000
6812
2771
4461
3506
9247
9551
6901
5158
224
8563
1274
6071
4835
4741
2693
9260
9380
1668
7371
4453
3312
2296
5725
4816
9175
9149
4381
4189
8977
7769
9113
8921
8949
2296
8186
3718
8502
74
8306
4066
3304
2947
3435
8714
6916
6534
112
4484
137
5164
1598
2243
2372
9401
7141
7240
4654
5118
1983
9232
9740
7937
8357
7816
672
4519
7609
6217
5560
2662
8893
2400
2988
5461
373
9854
9400
882
4792
1610
7109
7024
2409
170
9153
5075
833
2885
5125
6483
3056
7020
315
8263
2129
1263
9028
479
3358
741
1782
2951
2622
771
5245
4011
2493
470
3206
2745
6185
1168
6701
7576
3067
6101
1445
8248
8451
7244
1172
5347
4665
2373
6155
1333
70
423
7243
9698
7586
6042
7053
4402
4533
4887
1639
9961
1180
9632
7894
3725
6233
2945
4236
5752
3683
7736
4707
8459
6943
6884
9523
7716
2987
4340
8315
9462
1347
7011
5827
1047
236
2151
3697
4487
4815
8135
6061
9639
687
7407
1211
8865
9062
9198
6310
1205
8720
6135
7233
3283
3883
3286
1036
6232
6447
352
4243
2753
5596
7753
6176
6115
7796
5163
2896
3368
5383
6674
3952
8319
2518
254
1129
5963
3182
365
5646
8928
7005
1744
7822
8266
5294
9184
1170
5430
1351
2872
1070
9649
6370
1354
6677
5082
4560
4504
3605
5081
8945
7021
4036
6726
2316
8927
389
7376
6178
3280
8445
6378
4239
2917
5937
9354
5965
7398
2971
9470
23
8546
1405
9996
7090
7956
1309
5084
6387
2713
3966
1215
580
6136
2549
24
9244
8874
3537
4325
1916
1885
4241
3088
8006
6944
4380
7824
2278
2178
2545
2392
1437
9850
1622
594
9489
1104
748
1083
6963
7715
5227
7097
1805
4016
9962
9309
7870
3140
6471
3703
233
445
8255
2792
5283
3578
4449
7722
7530
3036
7037
852
4352
9246
2650
3255
4560
2208
5974
9237
6559
7594
8155
469
7150
8776
217
5609
2556
7765
8479
7383
9138
9255
6247
8040
2450
1055
3610
5785
9753
1090
5115
9370
2951
5827
3270
5364
6001
7506
4366
2770
3291
7872
1956
2675
3229
4242
2447
6373
4336
9684
6779
4023
9510
2861
1870
7321
7799
4627
5660
3880
2036
7896
9940
8073
4970
4472
5899
2928
6168
7527
8316
338
6881
1284
5686
2337
314
37
5214
4467
308
7130
3563
3371
2290
766
6527
4677
6545
7579
3395
3933
5351
6791
4651
2941
2337
7491
4887
6140
4517
9053
6322
6902
4913
51
2172
1543
6405
4169
3230
9669
5514
2531
5533
3077
8186
647
1717
1828
8335
4761
3776
5361
3871
6725
343
8546
4304
8782
7303
7431
8554
9582
6602
7095
1599
656
4424
4521
3805
8120
6588
2661
7324
7913
5950
7993
9864
4066
3897
2788
7257
8610
5593
5003
2796
8607
6540
3305
3084
475
6229
2027
7278
4294
3187
1090
9034
1121
4554
8830
8190
4431
2493
1525
2327
2801
9166
1985
6647
4683
1828
982
4352
7677
9632
9553
8671
4135
4182
7214
1983
2086
6552
1010
7137
5509
4533
2973
954
782
5189
9031
182
6791
9484
736
5708
4616
7672
2236
1714
8970
6435
8872
2622
7651
1341
490
2212
7137
1094
2100
6039
2169
3252
6868
466
4654
4621
1606
9004
2564
3391
2879
9421
2629
4172
2658
3138
1579
1636
6056
1794
9424
3155
67
4540
4886
5998
1511
3628
7412
9975
4361
5152
2462
2192
1556
6439
6722
6561
4004
1489
7754
7068
9996
1139
8197
460
1535
5157
8108
942
184
9369
278
6795
3951
2060
2424
6373
8461
439
7061
8866
211
9722
4538
3416
7053
4516
7239
8692
1197
4639
3282
3895
3058
5228
6157
1274
9987
4059
2721
9737
2601
7363
5714
8883
2795
9125
8523
2898
1767
7806
9333
4138
3427
8783
8960
6932
8415
388
1724
3193
6604
6365
1491
2727
1476
7818
5674
2796
8006
3275
8436
3466
6831
6348
578
7520
1381
6682
7682
6331
1368
1344
9955
5962
5587
637
6926
1007
9335
4428
7654
7181
6899
2522
2415
7516
7576
5345
5001
1185
4445
9261
5671
8416
8749
4233
3594
9740
9118
186
4164
2921
4146
2453
975
6294
8820
5989
4423
2959
200
2635
8923
6314
5382
5670
8554
3725
5279
1124
6566
1812
1019
5882
7643
3756
5890
8469
3070
6354
4665
9611
8023
2077
3862
6133
7100
9351
1048
3584
8875
2445
8643
83
2810
899
7848
6327
2148
7250
1289
4424
4562
983
8792
1294
8272
6080
9253
740
5119
9312
3044
1963
3632
6530
3579
1311
4531
4588
3728
8336
8296
7254
2606
6867
9440
4491
953
6736
4957
5827
8768
2035
5033
174
7177
7331
2576
6445
7609
4163
4368
1553
5265
6286
703
5005
604
3663
2302
2180
2100
1971
2936
1596
5891
6551
3744
4999
3090
7122
528
2955
3521
2347
8462
2753
5427
1392
9578
9913
4308
2987
7169
9356
443
1175
7815
7380
3910
932
6118
998
7929
6154
9437
6897
6221
7117
9926
8289
7752
4451
8980
4311
2676
1916
4862
3213
6629
819
7700
7594
6583
4787
7318
7199
416
4782
8444
2356
4077
756
4695
9088
4749
8129
7480
5085
5794
4407
8424
4287
9401
3688
4272
6664
5868
4539
1360
8897
4200
9790
2667
1185
7361
5162
4262
5108
6867
7329
9478
7624
5715
987
8593
6650
5609
8852
8934
4386
4339
8078
5372
5584
1843
1565
3983
9290
8918
2829
2286
4231
881
8697
7909
11
9565
4935
3812
8513
938
6116
2253
2528
2402
2513
1560
1514
3313
3623
9511
7610
4676
41
4565
8537
9091
2828
1585
7892
16
2281
1762
7448
228
6035
7455
567
2924
9846
1363
600
5356
3032
6071
3232
4110
4582
4365
7124
3169
5228
2912
2946
771
5415
1921
6875
8737
9011
1217
1015
8404
7849
8790
9819
611
2784
1341
8558
3279
2752
7596
7167
9047
4564
4230
388
7144
2622
1137
3012
8230
9564
7480
7252
8289
5972
2444
7800
7821
9681
4966
8958
5554
3019
4837
7382
1702
9298
3505
3441
4388
8325
6702
3973
4257
4307
2546
9300
6566
8566
8205
7777
7041
3783
5349
1845
7659
6080
9684
594
1200
6212
2636
5194
8852
1376
3926
5167
3477
4683
2190
5466
2233
247
7085
6595
6169
7972
382
2589
1132
3673
5434
4565
3878
6922
4096
791
9621
1159
7705
7719
2416
8034
4027
287
7781
681
5224
3930
7704
8688
2843
5216
1831
907
4582
2783
5028
900
4170
5362
720
3850
63
9046
1500
3036
889
1700
3289
8620
5545
8423
7067
1398
3710
8303
2599
9443
8127
9376
1937
6087
3516
5648
6533
3601
8174
7309
752
8067
3437
2877
6266
7472
3043
9894
6383
6838
9138
9015
6707
1316
4180
4842
8675
634
8301
5730
5525
5988
9850
3892
6015
3564
2768
6637
9837
7229
8196
9323
59
6598
9333
705
2189
5712
7875
1765
6474
1830
7650
9799
9903
3491
5985
603
7055
1913
6238
2894
4415
34
5516
772
1053
9097
61
2012
9692
3488
7054
2207
6079
773
5652
7405
1330
5352
1949
774
1430
938
2271
2033
447
9224
6697
1932
9185
9502
56
7873
8950
6764
741
947
935
3845
8666
9100
5303
6573
2435
5927
479
9539
2363
9680
2380
4116
381
2475
5361
9649
43
5403
1509
3375
9882
1249
2574
4530
1162
2914
9313
3395
6723
2216
6310
6532
1059
769
6443
5377
3020
1889
8080
6520
1630
49
9810
8484
2348
2342
2079
1644
5852
4590
2414
5038
3892
3281
1133
6244
7109
3351
7373
8254
7832
969
1086
328
6823
9964
5254
8180
6701
288
3973
2525
6341
7013
6306
4020
9933
8742
2837
6932
1579
5066
1699
3485
1333
3660
3542
5768
1375
9016
365
2345
1693
6420
1425
2240
3048
6752
556
9854
1287
9968
3143
558
1131
7716
7699
8191
9454
8417
6576
2487
7750
1378
2668
6610
1023
25
4120
2364
5635
8160
7074
3429
1781
7335
7233
4993
7234
7861
4655
1556
7723
768
2587
3332
5910
3120
396
5692
5310
4462
2671
5382
7686
7946
1454
1882
2461
5631
6194
2194
4538
3866
6513
2588
2502
1258
6160
1415
2687
8722
2646
2928
5799
8383
5931
3271
1884
5660
1313
6263
6314
6804
6168
8421
4153
2348
7569
9791
2784
5450
7970
9577
2982
2969
9108
3305
6784
6242
90
1323
6422
8011
4224
6792
2367
1711
551
5027
87
9419
307
5018
4531
5179
5536
8278
8516
1115
6965
9790
